"","V1","x1","x2","x3","x4","x5"
"1",6.12722624189512,1.81246946831751,-0.00213244389435774,2.15454046521977,0.823761326457704,1.53499349601838
"2",7.97382875777877,4.14323415018957,2.44170129554743,1.51394678158795,0.364776173356947,2.14918698460903
"3",1.06645890944085,0.216240419987784,1.10918148191943,1.73242637440547,0.795506786854115,-1.79020609483646
"4",-1.29517052399717,1.35605839695284,1.12539045034775,0.260414966768395,1.18363489596567,0.279588262706452
"5",0.835990563279333,2.62134595293965,0.977889459914478,0.982443914869814,0.646768198114388,-0.0997416149611761
"6",4.50149215794087,0.712875280670041,-0.0664905580669102,0.44159940531237,0.915719239587354,0.177450379853919
"7",4.50103349811498,0.56954154373559,0.235280228154356,2.78878948918613,1.80122547873231,1.93789616762679
"8",-0.694143211237283,0.769730585394486,1.12310677929085,1.35766091233621,-0.035237105678888,-0.312392122614867
"9",2.34513697684483,-0.587790457670476,-0.692302765421434,1.27005868990996,-1.12872606966328,0.49697888780847
"10",8.3061420821863,1.4108506379051,0.83112067546394,0.8278095133203,2.26393664664754,1.01870767015211
"11",2.93352307191262,0.456415614399931,1.8874306590804,1.70811331446754,1.18188325739188,2.20644137831307
"12",0.643107633909479,1.23599228264909,1.29367494502387,0.821515813936195,2.18647588359719,-0.299999603673468
"13",2.7376077922903,-0.628922892353036,1.25541256809405,0.800638593634785,0.926222068105598,-0.541374904507693
"14",7.3206591341976,0.565245559161449,-0.202516602506514,1.07898619487736,-0.126196107258586,0.326288877667718
"15",1.66936940500174,1.61680024538515,-0.96105924159178,1.27383528517783,0.86292565321333,0.362012690813764
"16",1.32529837893967,0.942241593853989,0.264729069892036,0.477600907623031,1.52095216535187,1.0044953600437
"17",8.12905477431755,0.107854197468499,0.330326753381928,0.92782327297352,0.115720601721979,1.35069090449197
"18",21.2434249937924,0.125784098976486,-0.668584183295507,0.822460347821115,1.05952402851361,4.06125434000341
"19",2.68446812268181,1.49795575838126,3.10645160052397,1.53382590955985,1.34623753697983,1.22134768902364
"20",-0.14213725639267,0.451646067969461,0.979858045214932,-0.788474429362857,1.50396143395973,-1.19819023354381
"21",3.86242132375391,-0.420282540186092,2.29464288174567,1.31644277174029,0.751651698193175,0.804566635464895
"22",-0.477292781268984,0.817300201734154,-0.311936737857418,0.358487449097657,-0.0374419379623019,2.68617678126755
"23",2.30293563496199,-0.132203179612338,1.53505273913435,1.66460368247518,1.83042658877512,-0.0480533955594939
"24",1.8228275261044,2.78436702852097,0.530857489729976,0.547557106391903,0.883315492976521,2.31079567274272
"25",-6.35041432101356,0.433796385715868,-0.13721743040698,0.0425713750920403,-0.891284977133141,1.3415898482123
"26",2.81511714120278,1.95505839956151,1.51816720409111,2.11203583649288,-0.835596442714233,0.0975401022347545
"27",5.61370828846223,1.06279620768853,1.13924608255102,2.02496251397695,1.45992562821994,2.41219996971446
"28",3.07610077681072,1.42210029924149,2.60162756265021,-0.0133448967961181,1.32874253502935,0.137277682427883
"29",4.00944968359098,1.53317591952673,2.78026720342233,1.33269813813492,0.62863104341476,-0.490328061006575
"30",0.683375345600872,1.25811609725274,0.00274178465684372,-0.779208628755953,1.91700525007895,0.906621420813362
"31",2.00167053662916,1.15868821973864,1.7426763134448,1.78405264150863,0.948543486889341,1.46092461835028
"32",-1.10415767937181,0.257862085833813,0.718757835537736,-0.100551937692586,-0.133535323454101,-0.0620296900642021
"33",1.94543592307458,1.33759050438198,-0.638803051493497,0.432857134673937,0.965499681289424,-0.0156103079133139
"34",5.17943663242766,1.67909936662879,1.33488161075381,1.84983226575251,0.0196011272349484,-0.430631711103105
"35",3.25827125781965,0.366475715206669,1.44122404650505,1.9711925595517,-0.00458690313584076,0.539448687594691
"36",-2.35079312506924,-0.484779327738045,0.784844586722132,0.540642658794343,-0.489242334319361,-0.437908169572996
"37",1.95905825972855,0.772006114146483,2.55192105098868,1.30676294324248,-0.243520165153653,-0.146526798673468
"38",1.69177286522564,2.67756746414836,0.300849918977781,-1.11909144699197,1.46155092166618,1.64456121452297
"39",4.24822036313869,1.34219651282696,2.06973436389067,1.28107508346928,-0.346735852910769,1.42006860063478
"40",3.00102460001751,0.944655554125646,1.952547938228,1.57878994329126,2.23829334287481,-0.468668950259586
"41",5.95073915736773,1.86600981902149,1.15508307621955,1.73856090399082,0.55343574117325,2.21983379761515
"42",7.3616992585285,1.15301168594981,1.76594127056054,1.75259722699735,1.24148404521925,1.00296532579507
"43",6.36408209014453,0.501374282670575,0.0178532036657644,2.34878672422741,0.0134315712228498,0.733542811084114
"44",1.17344795133668,2.18238077628778,-0.320654894228696,0.455349244128288,0.996383928312564,2.25349559471398
"45",4.20141322292906,-1.53719667423394,0.873706688140081,2.66032374894259,0.02550036693542,-0.032389919913431
"46",10.2587863099691,2.56847532332002,1.10594132378451,1.28773923105211,0.805934105315437,2.10216078583934
"47",-0.281423471395736,1.79753707991607,0.534979172715971,2.00992988145217,0.382484188345887,-0.2923683674475
"48",1.69879362018055,0.540374117442364,2.72651758856563,-0.426129713391311,2.53101606718909,-0.498496502029567
"49",5.7818724640528,0.297032858444447,1.47262815028295,-0.464544570335335,2.01094024414925,1.60536604599548
"50",4.70289245169659,1.96714308403287,1.16573380103759,2.43749983897467,-0.165141335947659,0.364829181858078
"51",1.30521279211743,1.05083869370725,1.23446727887811,0.817600045596119,2.4904017950448,2.26508576903422
"52",0.432116253375745,0.939491092878259,0.482119768983845,0.580837010647735,1.48843284485689,1.3159554768472
"53",3.57150793379939,1.75411995798218,0.772235947375536,1.67261197271908,2.83667136631255,0.0636213327804884
"54",-5.11494738328507,1.43861657629755,-0.403630262019734,1.72428722113295,0.225828700534898,0.00478880765426426
"55",0.672580535831299,1.82065434730378,0.409940280466297,0.258611495134425,-0.178585254226955,-0.105116451358588
"56",-0.0128228722381571,2.74613546610536,0.779590107495896,2.63096401608195,0.110715558384512,0.124947302640841
"57",20.6095727183353,0.221443321839504,0.855473593987254,2.9963939033745,-0.0473621920693632,3.40690422580574
"58",7.09850776039032,1.60142702486664,0.694569463657434,1.06405292323741,1.06675944395458,2.10567754087604
"59",3.22832401180456,2.56323173404316,0.38125945202578,-0.125028089308106,2.41070356186377,2.16735866021698
"60",2.33341560441811,1.26784136910584,1.33869998096476,-0.102206492427461,1.1468535738312,0.963321845823544
"61",5.94471195799786,0.856110678208591,-1.01126993715825,2.40433736383004,1.33651118334205,0.78987320716199
"62",-1.2240579638115,-0.702155668046801,1.4916877376309,0.505104621135532,1.26762685519991,-0.896266728081182
"63",0.565320261597758,1.55834892545428,1.15785379009374,0.989099414584198,1.37095769532414,0.912014409993146
"64",1.5501252806944,0.506203008573322,1.06712793702528,1.12692221319531,2.40556740333174,2.25646181151419
"65",2.05098052059415,1.96380346012164,0.677553334792831,1.35716168308723,2.14376160127066,-0.223417925303315
"66",-0.785092781110141,1.29460795791099,0.650057484882047,0.170437274331205,1.6308914913718,1.0144206933058
"67",7.04090390483956,0.549501860123316,2.12557942654963,1.30226631154062,-0.0954172746106705,2.49550076359041
"68",0.538676524830944,1.20956822323782,1.23610164958372,-0.469398941888407,1.85467847625621,0.465973619731615
"69",3.46657157526317,0.574206280522059,0.900502031595987,-0.554489042364954,1.47028892587128,2.87359484500455
"70",-1.49833599782334,0.66850732969658,-0.625331818707583,0.972378446387959,1.97943520173452,0.761968583976272
"71",1.82611792335975,1.61331387112091,-0.322389786923075,1.58004817851376,1.64855333042991,-0.369647642897708
"72",6.19878860007954,0.815778016218582,2.05115449763015,0.130491894155555,2.73862618352901,0.993321263130978
"73",-0.757131921152791,1.7869932367114,0.509320949819787,0.746405550172159,2.52468898647873,0.321962451603768
"74",16.9956663581747,1.82203836874063,1.33724265722836,1.36871158626471,2.2177785875897,3.35126922002647
"75",7.85174797966432,1.21057974168172,2.45139193458714,2.29024007970654,0.162511208703795,1.37457707582443
"76",2.33171656718713,0.0725190349895309,2.92368192119858,0.685007058479639,0.984401486960009,0.328973044309271
"77",-6.73351269283187,1.04806803497166,1.23418120652149,-2.05601143512438,0.797868179513244,1.7214872000159
"78",4.84967927709263,0.393065309740444,0.738294770503151,1.9602663694216,0.763503858006956,1.31583248176232
"79",5.71149531714438,0.249626170541515,0.669869020381398,-0.283789063724296,1.53537638567804,2.71480132861489
"80",7.08951168402873,1.10898285668235,4.00387461571271,1.64623988975152,1.01419091675229,1.83768343249263
"81",-0.932799547554453,0.221199288904435,1.25638598274609,0.997476904327464,-0.686518482320719,0.288571054094879
"82",-3.80026230773417,1.64229717143725,0.574623812378872,1.6605067096147,0.881188776727643,3.05741649099495
"83",4.17460873295767,0.70977321476598,2.2662279048255,2.55919763378882,-0.755130463445346,2.50187331418189
"84",2.48963367898481,-0.906176664826729,1.42575298473177,1.37364875691762,1.00326404303591,-1.47394960705992
"85",4.50903424189158,-0.329972839242206,-0.41827671016352,0.566105750887301,0.911094206708431,0.896580001821403
"86",7.34649056685804,0.0111756126290808,0.708756373867264,2.06782052545365,1.26299477485364,-0.456947423946996
"87",0.187861998616308,0.875129552719462,0.0484374679957765,-0.288008075297008,1.97447021921076,0.946741867236809
"88",6.7603642853009,1.64380684909414,0.142563112263708,1.57181126694842,2.90537842447782,0.325575764333206
"89",-2.69984737544874,0.863795361144519,1.60045823787357,0.491268629295251,-0.446813990787967,0.724249186318268
"90",3.16044583289366,2.20598724897233,1.52944916074652,1.32174360207649,1.2417998658988,1.24164797294024
"91",8.1551366773958,2.09563723476269,-0.452471499156506,1.29063962311171,3.01749090044662,1.87577513530441
"92",3.70494124094636,-0.295186037593568,1.12669439177896,0.893531828598479,1.3080582237062,2.03879454993236
"93",-10.8003006281172,1.44398920186097,-1.04304823604072,2.176980292265,0.633047064709111,2.37650505219999
"94",15.0777102648058,0.571759174457506,-0.238491411282021,1.42570481975722,3.32459708365235,2.51700118855342
"95",2.71134584516308,0.894907197539256,2.16995493543805,0.451653651135516,1.88162227510417,-1.04139729448179
"96",-0.388943957060497,0.783075443541033,1.60285446573274,-0.470613954768376,1.95845949852635,1.94580735215148
"97",6.45700750271465,1.38881285415116,1.46795508628285,0.190833305047983,-0.136185794623389,1.67160408282045
"98",-1.4725046497638,-0.923542109575304,0.89983710759848,-1.21537808176332,0.681703984614588,0.936609517872671
"99",3.11954728819272,0.9663579287745,2.76724825333159,-1.28594965661143,0.722433934117805,2.22303020442586
"100",-4.90721131998938,-1.13090774825664,-0.169500446905127,-1.40716726987079,1.70430451552907,-0.0740377643580754
"101",0.321795058332328,-0.429159432086816,1.14213573323262,0.113745076008309,-0.278965001234659,1.20412348699682
"102",2.28231318435373,1.5595721352294,1.20087383899712,1.76716178659017,1.91470154863049,1.38103250912028
"103",-1.49151562758836,1.15539102601072,2.07838652052448,-0.720643233704977,-2.36094795006743,0.490083619945057
"104",-0.541688418631121,1.47166819669372,1.75137829623171,-0.16922564717882,1.30096632636139,1.102903038093
"105",5.91950142844927,0.891207459909346,2.1273477286717,0.980449825619003,1.38614859047861,0.253454727089439
"106",1.75012232096581,2.31201707188433,-0.314585391041128,-0.0281864597219292,1.17955620351382,2.25689408865158
"107",1.04190022245414,-0.851759100917317,1.46830387462296,1.83364008818995,0.539825567790359,0.440545152494953
"108",23.3519554789503,0.865529594322832,0.821391550613664,0.00948919210037791,0.730863987826811,3.57057638239879
"109",-0.962536547935291,1.70021249501778,0.318394549934173,0.524982264113169,1.03290419957664,1.78745150137294
"110",2.43813394747897,1.87876559231718,-0.490949038555363,1.05481901166758,-0.545836109370599,2.44824114801551
"111",8.93730891122442,0.275422034410219,0.853602599036964,1.1092979834426,2.37599139807577,1.32655792778997
"112",-1.39306928987263,0.790931646150498,1.21277964300349,-0.394841139879843,1.07688689360595,1.74225065742959
"113",11.1455293052455,-0.802372630000179,-0.232008151262574,2.63305508446891,2.87451038327019,0.452294567130851
"114",5.52352207244064,0.308171592002912,1.36236574641571,1.34212011417443,1.34119278597491,1.45316769221505
"115",12.1450741774629,0.51824653634103,2.05089148179257,3.08470319989201,-0.70334673421676,1.87662214990167
"116",-2.55621278694595,2.33377730378573,0.841996186477596,-0.238363105449863,0.279917374242183,-0.0121518709797317
"117",3.7278090391189,0.132349817039382,-0.815364405476813,2.03554363402881,0.745352172646866,1.08234831553162
"118",7.83527941696926,-0.0660945102645563,1.17830807716367,3.38779855413713,0.358307119648579,1.69912297294928
"119",0.61479390220489,-0.323939617313771,2.48248464362925,2.10518870558361,0.172037667609729,1.2161734568608
"120",-1.01212473671675,0.531958047179246,0.398278382908664,2.0265389775326,1.75241900917541,-0.134892600049182
"121",4.68255008286228,1.910150509773,0.154177665981747,0.932174487578618,1.37860412155524,2.60387744906151
"122",-1.02774740865461,1.98489894092671,2.88204590095546,-0.307711707200106,0.0239933198563469,1.76758178892499
"123",-0.232471594537364,1.27657563611345,2.43586017415775,0.96419163585387,-1.06739247315564,0.727320509037417
"124",0.714626922193297,0.884800158429069,0.450986844471134,-1.73270308341332,3.00292948952085,2.19051622892651
"125",12.4401286395697,1.38207933242305,0.888293545729035,1.87226584406552,2.20352103887078,1.48557139582274
"126",5.29098547148326,1.32965454316265,1.18601013035968,1.80484191087582,-0.664996297876211,0.270373954405049
"127",10.5360495927241,0.0175151704800821,-0.309638395387078,1.47399594252818,1.98127653899317,3.18494636020445
"128",2.0967488560862,0.0778951216344026,0.257196977896668,1.63057502805926,0.951278232181918,-0.0946505266266449
"129",2.58857703185809,2.85780924527734,2.66192758332884,0.596034521782829,0.580171895345597,2.63264344995764
"130",5.48797403962197,1.40965397970474,0.48481969144243,1.9631863537141,0.457042532130938,1.56962885159302
"131",2.40240710011448,1.69769274268181,2.51207899300137,1.44328001314224,1.14068987470236,0.199697772887736
"132",0.0492573023864533,-0.12759699656871,2.20352104790003,-0.0778318839331822,0.357935764427908,1.57914646634451
"133",2.46905312741418,0.722248641551767,-1.03608432242708,1.35911154024204,1.04847714235321,0.208371392642475
"134",-2.37023773524792,0.270013105440036,0.507193444125264,1.02033889561384,0.551973065048518,0.39402728920398
"135",3.94645055486158,1.90413615577164,0.594724307542045,2.36830624966463,-0.0516281641437613,-0.764253267985494
"136",4.84203377796028,1.43438248655707,-0.567460140064013,1.35376821195587,0.675614023371771,0.585881647105196
"137",8.66657776576394,0.296700883654943,2.05393449616871,-0.0883576092230429,0.606957844184734,1.27554244950981
"138",2.33683959972743,-0.309908154238713,1.09880966302812,-1.0646914906616,1.96997520319489,2.18249436189311
"139",1.136309274875,-0.296976796555276,0.763779347253641,1.46011425178562,1.78644061513405,0.12325272584132
"140",4.99211983585636,-0.624462762428471,0.710619693889756,2.72558447420253,-0.0236038261472498,0.0545335252436785
"141",4.33994371065702,0.506510002599785,0.930146106555403,2.13162147714606,-0.150316543657846,2.87607171575201
"142",2.17057819118503,-0.252002597266499,-0.0204594141376349,1.69011995374728,0.966271554130119,0.934908841507501
"143",4.82927931086568,1.23177454899034,1.59056017340053,0.698444355052746,2.31574216815181,0.132302591923974
"144",-2.89016912768597,2.89921621577558,1.63219659535413,-0.0680441317695049,0.131783038781036,1.57996716583063
"145",4.72450273054844,0.800876743027006,1.59651829657432,-0.578581172383071,-0.394119992915939,1.9426512147457
"146",0.425689833520611,-1.2475361705574,-0.387677383567678,0.868409673507007,2.47940700032325,-0.000236292286349915
"147",-5.50835373167942,0.80965064380448,0.852584520070488,-0.195733475194729,1.25359618102521,1.13303966590249
"148",2.13742069051476,1.21265913858357,0.498669305317781,0.2116703347339,1.23394618253594,0.946406942948008
"149",1.39890864167666,0.417716643877926,1.23377473316262,-0.644234173659593,2.29063604186233,2.25256225551882
"150",0.967528400704333,2.03980405452803,1.52676873959351,1.69410896336767,-0.70167451532701,-0.420993961636578
"151",3.3804262734402,0.735563073878536,1.45590566918718,1.69506666867356,1.02184908692283,1.64947178325439
"152",8.73375142783048,0.949924725095495,1.32325668529216,1.75038535413439,0.279488393396179,1.70752123174423
"153",1.03975722687118,2.67910272380676,3.20163937951697,-0.223556197927178,3.5543248394025,1.78929295972303
"154",2.20246473129155,0.560910925415877,2.85917234517524,0.427922400525237,1.45243909336345,1.84548375673735
"155",-4.13256561350138,0.439112643562305,0.0127479897376398,0.924579963189933,1.74740597867227,0.987412561974665
"156",-1.87088640986053,0.453523341297109,0.750617425709397,0.590463973631152,0.77552468268612,0.250077270205163
"157",2.89612730191945,0.94093310737891,1.46762275171822,0.196157284521647,0.86465963841886,0.0775267709051083
"158",7.00270625199365,3.53528144516683,0.539767159615346,1.967873470355,1.72333452355997,1.30767521235163
"159",5.70497487629454,-1.84003242646603,0.988785272300772,0.813956596637834,1.23694096399802,0.318978732127502
"160",8.57375943263875,1.76364135217439,0.281320063093517,1.21305406700531,0.932145736690047,2.07935535069543
"161",0.759416192604473,1.62658963552673,1.63481262674055,0.919403985772413,1.10466326680622,4.42855253455186
"162",2.2039994040517,2.24441546903855,-0.352521622577986,2.8491185764255,0.451490616408296,0.283111430024019
"163",6.51633438780909,0.20408042617396,1.12519048600501,2.05745524207591,0.645781920238051,1.88463151360752
"164",4.28638988733668,0.730035512483667,-0.0563665798169199,0.494268660755955,1.52951051856667,3.17343989485217
"165",3.69106008593703,0.411110387052012,2.08973555943127,0.583671981575118,1.97019370146122,0.47299376774092
"166",7.03282146318696,1.29312791052909,2.16819642995315,0.701235007956477,0.504044894206454,2.17157251328023
"167",8.4438452272908,2.54423516632823,0.7004036550895,0.871252589886495,0.817311804021224,1.74398550536084
"168",5.02740340845376,1.3360780509553,0.800084210340453,0.19597135387988,1.67802923725535,2.13010605426128
"169",1.37255610332145,1.47955290065293,2.13226199667245,-0.42763877285186,-0.0709910904569808,-0.559838008810836
"170",3.75537079901973,0.650884967057555,-0.0677717246062561,1.16218391095467,-0.170370975475064,1.04668751420543
"171",1.31588004294333,0.772415816599148,1.77795716682711,0.177438983022161,0.681248700778514,-0.673880840624671
"172",7.06071458150524,0.021288769721829,0.995283256911991,2.35565219756474,1.06890736911886,1.12230453818694
"173",-1.66884123902688,2.24185751035075,1.09987769728647,-0.146530537339584,-0.781253494967953,0.780822471184261
"174",-2.90823330866064,2.28083859423605,-0.055364303976819,-1.4428753921753,0.447327411370983,0.117742067219987
"175",-2.75873419348785,0.641516441446082,2.03538767271541,-0.289490619984519,0.795917878544536,1.52328741930218
"176",1.91931758680907,1.41764526346249,1.60459658444215,0.754154710761823,2.49737585530741,0.274843772961065
"177",3.78653357658331,1.5411222672388,0.14505309815999,2.69546170392357,0.823860906436999,-0.0320592014327852
"178",3.73012933166486,1.51846134013914,1.03934369585083,1.36502214607779,0.432832161846232,0.924091709649562
"179",1.61458537327361,0.555429432696198,-0.428755280108401,1.3521413588856,-0.4109624957944,0.56838129823882
"180",0.865415054657073,3.11399122246523,1.52090937390929,-0.455577385626524,1.09681255938071,0.166807183120643
"181",3.31298621004887,0.471089653890736,1.07437232826669,0.0245566290627829,2.76652591194875,-0.375493463877682
"182",2.36198117431396,-2.38742766575415,1.3790753587182,1.08383412047769,1.53714334596728,0.895827462368397
"183",1.42600250998059,1.73106379722377,1.08301927695483,1.63456745404777,2.78676103519734,-1.18026166798715
"184",4.18074220687561,0.0214606836195224,-0.865154005176729,1.04299915584241,2.51279126711475,0.321371290134897
"185",7.16956128194539,1.6861161200747,0.329886306903284,1.32380540195892,0.609174158061921,1.02915237852342
"186",-1.00206715851943,1.39528810931629,-0.792690738887007,0.698919347848666,0.049385561461874,2.4084120367259
"187",-0.828687776191842,1.43535752985726,1.39837197738878,-0.271362000553226,2.26780021359032,0.166927214227455
"188",-0.772753661855127,0.602906938403675,0.647632649322991,0.802390721513849,2.37592629732233,0.920087382537085
"189",2.50270894826361,1.56208185398397,1.8994378640364,2.5412487337461,1.09368874190533,1.20272164177764
"190",-0.953277244630106,0.602368726086148,1.04715271739289,0.11559815151197,-1.15630300616195,1.21124646153399
"191",1.64024794759327,1.80830086126545,1.6995468198045,-0.0121498114476597,2.73098512899112,1.62855674254053
"192",6.45518945915611,-0.250917174622183,1.99808280893193,0.859367377632027,0.876522441675772,-0.188258218174993
"193",10.7478044940754,-0.382203716184911,-0.233296407679703,1.94918899834087,3.30566681629643,0.870856364056322
"194",-0.401863304394204,0.44035135678921,0.208714886970287,0.449003711618473,2.51622709518599,0.744222729567671
"195",4.23986251088062,0.926077817326355,0.957124873658656,0.63919051198732,2.72518211361962,0.342111060833879
"196",4.63012489469242,-0.184002681809989,0.279620832890223,3.65235601900117,2.07378938438971,1.30200447539293
"197",2.35985288887695,-0.268160827677686,2.50368979270435,3.19389004325346,-0.211715342745366,1.47361671601866
"198",8.12977229882645,1.89596184549605,0.576034339178327,2.46888355931444,0.387949890079313,0.684146448447804
"199",5.46002400838162,0.897028304275252,0.803631863790682,2.39826865559513,1.11357197732978,1.6051398547377
"200",0.647151297142788,-0.0195105760832666,1.58436658734897,2.48413230057327,1.37643116788314,0.82885780115582
"201",3.50103230533094,2.05077840362093,0.47463474204424,2.21945420875962,2.45732710718442,0.964363969583041
"202",1.36462758880055,0.694886112980815,1.04732810291283,1.55541349203133,0.182748948628954,1.64013981727907
"203",5.61035540194091,-0.316248932822597,2.91846521341641,1.87191930275263,0.958496936626912,0.602248204800838
"204",2.75592590527483,2.52858452265958,1.55570225775143,0.601451868401229,0.596062250687196,2.3193364155894
"205",7.92731780173908,0.815944406574331,0.254228589548574,1.99046791469127,1.33691663619626,-0.165259533205825
"206",6.75039104369979,0.414642745100638,0.170591038901765,0.875375222160798,0.920648244564512,1.83042531996327
"207",3.26250652191993,1.4136279176767,-0.0320262738863766,1.26668255814797,-0.259603452756952,0.558681964408732
"208",0.025435693837573,0.737221108883707,2.70064156675439,0.330230401095699,1.19032422335311,0.980184935109437
"209",4.92603055634119,0.818518193935798,3.3200148709436,1.93041043913373,0.330187067720286,1.52860493470404
"210",3.55730469783273,-0.671849422217876,0.312158107391712,-0.297272194009657,0.718477242401077,1.94200958418508
"211",6.27628900867622,1.82900248001529,2.55283574038712,1.63164860424895,0.642050705007883,-0.453946911024976
"212",7.31392077863101,1.10497248770231,0.209650591404923,0.879478218225785,2.191295969941,0.515348573923446
"213",6.03475559985523,2.03826330887009,0.66469208874083,2.1716567177568,-0.526433372322142,1.36589700920035
"214",2.19810126652326,0.411318385445392,1.67774601193421,1.13876897764715,0.611553111647593,0.115853987412214
"215",2.09464882759136,0.547870600823497,1.03903938854886,1.08592904277826,-1.14199535649049,1.17976100277674
"216",3.59360191616855,1.63182441039186,1.24568009517145,1.69186646987299,0.991577944623335,-0.299270237587814
"217",4.0550439822954,0.466390415561528,0.429273930332838,1.05452812134531,0.581908727055191,1.2099704005207
"218",2.32574365061067,3.11651067638136,-0.810036054590066,0.910603030001551,3.09324679778984,1.19710839324549
"219",4.53983016229461,-0.530272289303894,1.29583262426879,0.84191014054241,1.75227172665488,1.98685763307065
"220",0.681292815291151,0.423534465541479,2.23096424635848,-0.116632599955942,-0.332597770138006,0.0552511523210243
"221",-0.744719737182321,1.7614364266783,0.601917759664451,1.86157084348947,1.70548800547454,1.22136684661833
"222",1.97348143464859,1.50058130012235,1.56637110616275,1.77185961307456,1.21293650397825,1.09029629564776
"223",0.721608907130803,1.60533218166233,-0.325388967873126,0.915043862084892,1.24833978684877,1.68603504888579
"224",0.705998551959732,0.760578127355403,1.5673824158171,0.943963600786395,0.0841128928721124,2.63401357968216
"225",-2.46336138585042,1.26469336660152,2.23779859255578,-0.368924068173568,-0.50961876441863,1.60302586765791
"226",2.6189975661336,1.59106632903214,1.73310930267815,2.15360089524204,2.14384144212682,-1.67365479078705
"227",0.484802373545956,0.774222062131021,0.0752563583227549,1.19300195420193,2.86449232563218,1.54915036081392
"228",4.9980444186887,0.841317165265207,2.0123150362928,0.481279164312742,0.297588149325412,2.82880289222145
"229",5.94731945859396,0.355633450163695,1.48870572702701,0.911055086209833,0.310879035200979,1.50186189057718
"230",9.71651385527504,0.471834840016,1.12787176680384,1.42619762810724,2.02953295237737,1.8284281171896
"231",-4.34290675146151,0.634682011548439,2.03622891519734,-0.11414225082731,2.02065254480953,-1.44161295971047
"232",-4.81184834474252,0.879477276368934,0.131073604253934,0.535701868897646,0.448406075329155,2.78475831797229
"233",4.71538412925218,-0.980323835429905,0.659103388810664,2.00361115622403,-0.227791465057157,0.858389661783088
"234",0.970213292408892,1.27387361010582,0.966465433854215,1.23111866863825,1.36689852904135,0.207841624691168
"235",2.5300102310721,0.304057002335511,-1.04008363572974,0.736537654882344,0.830682276502183,0.664072030611979
"236",3.9760715915399,1.18140090474011,1.01623705009509,1.74130998137514,0.783180639089748,2.01014788187353
"237",-2.59693048911461,0.533472401738335,0.90803920294923,-1.29721329364213,0.529575772346213,1.11934010845469
"238",1.45375899635954,-0.160068614640469,2.36803695446183,1.16550023318391,1.08280861657065,0.826628832790249
"239",-0.873499457124281,0.317059916724583,0.692923446496241,-0.66400529164899,1.35450477269306,1.80745789967555
"240",-0.133531920959462,2.48341336849268,1.65005063423294,1.3198828111145,2.2515836417182,-0.559151381204017
"241",0.503869349481898,1.25573064444981,1.00474627046779,0.201308345318646,1.74638991802715,0.277761800714474
"242",5.86790344962459,0.389654105919765,0.268879579155443,1.63420086832763,0.576900207979004,1.77667031174512
"243",-9.28363190367664,1.20953246336059,-0.636803111489723,0.533603932527668,0.978736249280367,2.33358247338875
"244",-0.753150326870394,1.3320096096357,0.0492206840435095,-0.316144066756253,1.19229505594689,2.121716531123
"245",3.92881080405296,1.00983320637792,3.06633646263222,2.82069022224108,0.654198888015393,0.395707393010071
"246",-0.431380360970294,-0.411251588669284,0.982794651893273,0.550641967512956,2.16891196867186,1.74408026830048
"247",-1.61860205498393,2.11868998794182,2.22089818175857,1.48763140254934,2.59201604447444,-0.542812790491365
"248",3.73505523124115,1.73255378198228,1.93395911918456,0.515586956887951,0.318585666527661,0.951847573937662
"249",-4.75004932249656,1.07322889768006,0.726667856904125,1.17162568525836,1.60561387439128,1.23513227327132
"250",2.20274310107861,0.0578766314944602,-0.694546511630571,3.43605404590945,0.419373297546815,1.54881398048465
"251",1.67874657021772,2.23219006858053,-0.424770179049391,2.11529429564301,0.678198440558353,0.899706129327568
"252",-0.157336487234906,-0.330032606849023,0.134751808673479,1.30919969275775,-0.12553946185206,0.149500227743206
"253",3.10751663465021,3.08232223092319,0.168697257881076,1.73015507390861,0.663391273813162,1.72836290193412
"254",-2.0235430477482,0.513508697788825,-0.441941797941896,0.226517544793534,2.03527096883763,1.23858658140492
"255",0.415374722625996,2.10430924774302,-0.205458141048991,1.11198084806737,0.532302591802046,-0.221703709406237
"256",-1.8257456995835,0.41380357987089,2.07121928279524,-0.482013064308128,1.17357820858449,1.04915892803362
"257",5.13658209566974,-0.315488463937784,0.164668959069923,1.75590500495985,1.81314548294012,1.54979578635948
"258",5.7846021228548,0.115926720636341,1.84256582038057,1.99252487081,2.11656597457397,1.72869574027277
"259",1.30416612531546,1.95670374712461,0.893125556011719,0.803432675146726,0.398786058072727,0.818687903698112
"260",4.56041453035026,0.716366679787993,1.59996277960369,1.06464147449655,0.221624586935441,1.76079373959597
"261",-4.09748326538247,-0.547521439233634,0.345241947328005,0.377690809938632,-0.584482955973063,0.968874532143316
"262",2.30986456787191,1.64438027941911,0.40633078602795,2.99528474164305,-0.501002754584356,0.331286446455804
"263",-5.67344847084423,1.26062844016455,-1.01144496824293,-0.43858395496327,1.32823465933588,1.22330003964275
"264",0.225613105474338,1.23350125855446,0.387297282639636,1.74627338434632,1.65605268981633,-0.0883089975388669
"265",4.33435554554407,-0.995250222388513,-0.0591030481750761,2.75036677156595,2.96203274133527,-0.128996935007733
"266",8.79899994425946,0.574460513218822,0.688805052929117,2.41872551224305,2.9490898702659,0.443669969946133
"267",2.17689871716107,0.841749631469849,0.722124956862549,1.16253552455333,3.83615845263974,0.933137087192046
"268",3.94872717719768,1.00025463380646,1.10120013513582,1.95542672176522,0.438584707121258,-0.14281849629363
"269",7.2630552959118,0.257687139923123,2.68879862743179,2.66261041227156,0.869092581321816,0.822198669123435
"270",5.00904847632597,2.68466012577368,3.62719047160209,1.47229086901622,2.14247919756091,0.959790101578509
"271",9.54295301944011,1.36949918030911,-0.476747325697786,2.60832087183231,2.07949516741274,1.51348017522474
"272",-0.240354063780563,1.37196109013925,3.41255732554938,-1.03762312642472,2.95946927543075,-0.51509603941724
"273",5.41407530177126,-0.138860526973307,0.410631437368284,2.11575024738932,0.673835723168208,0.37630203732801
"274",6.03030806683146,0.964111338176565,0.611021213807232,1.15770026310273,2.54420876834087,2.08773397086708
"275",-0.170007366207682,1.64822668766445,0.896136175502009,-0.663410532671252,0.128828540741829,0.12699285202612
"276",3.39470769346828,1.48605724718911,2.27554182654362,0.1092474534747,2.31831674463665,-0.00751376786795754
"277",2.10501022332897,1.31329993602738,0.789396386774002,1.44657673059067,1.41657020766533,0.908550712500472
"278",7.48086665554358,1.28090133652462,1.62662014322068,1.57926047192903,2.00933497970827,1.4316001800949
"279",-0.119009497163456,0.23722338026943,0.196487068025658,0.692914605724684,-0.192776187693099,1.77454832505851
"280",1.99146801107738,1.14768426755519,-0.382248688651915,0.881788409076475,2.50458782349185,1.23949137516758
"281",0.0250662399146098,-1.07362252296677,1.94021481516758,0.461343682438725,1.08388339217912,2.02079027260856
"282",0.473390346465648,3.29519615754009,3.10496618399884,1.87089164760869,-0.343881070019424,0.15153503636774
"283",1.58892473418769,-0.520516879432236,2.78341625639606,1.87987568598291,1.88143186553755,0.0790338231057474
"284",2.8821775865487,0.220973367605384,0.080384053686536,0.726657023458345,0.189777022229429,1.133250071424
"285",7.31641199006505,0.817734161894248,0.379486425310121,1.80793887998899,-1.60323457109048,0.896153565160608
"286",6.5778415043093,0.54840771516291,0.541847007232077,1.28562367500495,2.0110329620235,2.1610815399792
"287",-0.456939093644789,0.340586595316437,1.25678423910399,0.453335284621602,0.031193651024374,0.717481346057704
"288",1.7900459960351,0.504523830111777,2.23901615007949,0.954187226587489,-0.561327917591345,2.45546738282049
"289",2.96840585669142,3.32535251196682,0.934833150874241,2.00494038489219,0.982615680470581,0.684112538687739
"290",-1.50241638018679,2.21292611771483,1.85696020730704,-0.416837946297524,1.40661352391938,0.843715998881048
"291",2.71643302852581,-0.0184809329063822,1.91183230644622,-0.349937192545563,0.0865341040949618,1.87554233557377
"292",5.85517435727682,1.64354948918498,0.39183689934006,1.14044673289301,3.02580247833257,-0.925445638715526
"293",1.09444492916825,-1.00065332952509,1.44862054850617,3.65192032232479,-0.151552425106577,1.61935374651466
"294",3.02976522606124,1.16271435984719,0.607986268038954,1.24393990484162,-0.36533236645998,0.713744729742573
"295",-0.596321549963921,0.85035876952519,1.60004165005379,0.139161021741283,-1.14443278769226,1.86379034583882
"296",4.74803751764641,0.595047683694512,0.0351429095349344,1.84539872882368,0.805483830190612,1.48827372596673
"297",7.9481680565748,0.767150593922802,1.28060529046699,2.83828695822864,1.0838011286737,1.33579985961794
"298",4.16907839088228,-1.08921990263388,2.36663990699782,1.06037364074394,-0.162956762757235,0.755796301317236
"299",8.03310053372463,0.890589033774513,1.57840952914164,3.16304050445522,1.21101279165957,3.3988378252519
"300",2.10829175164957,1.53557614292877,0.497842547321132,1.89977547536838,1.24748953079818,-0.790309200167939
"301",5.87572629591092,1.19955149342955,1.61582564656712,1.29074097136012,1.9613608426378,1.00520110580755
"302",0.746175611318979,1.29627529104866,0.738012263617562,0.668016494832327,-0.498842959629125,0.689682802317017
"303",5.41234274492047,1.08883187674389,2.11898210016189,0.515390995767469,1.02646442539854,0.0693934775159021
"304",-0.704887593263595,0.666400800931257,1.4290205370955,0.976726028692369,0.442679314327115,-0.408338467774047
"305",0.0829465093763289,-0.814532701191489,-0.931187698215426,1.95861061804498,2.83583604107211,0.246674224162504
"306",5.38178394885567,1.8102658230521,0.598079224566482,1.53794692315274,0.811749233176949,0.317312377964254
"307",7.0327854926186,1.17177875552275,1.38773815436136,1.21204678184399,1.32475899604586,0.386222285266906
"308",6.40003519084263,0.693607812340567,-0.311999618522091,0.901996395299975,1.41220463762086,0.590801348121618
"309",5.26268353418222,0.255543080513243,0.257860129856677,1.76215805872245,0.93173394119279,0.498587086370924
"310",6.27235779396805,2.44932747616102,-0.81103067935458,1.95367523531185,0.815513915202583,1.53153500907152
"311",-2.73030624175295,2.78378184118579,2.07749995274849,-2.64230585772815,1.78562569196394,0.394648655880869
"312",5.78309094426037,0.719576394903787,0.892371633930361,0.735347105276951,1.21057151023466,0.829190820972076
"313",2.54156566108731,2.19294130058308,1.58277022084518,0.713555904709818,3.05329997879525,0.0437806259255022
"314",1.64634275777184,0.874739701266354,0.881166580976522,2.73174282766886,2.01246300338313,2.12262721566838
"315",5.33161660595761,1.32735256301435,2.00898617615937,-1.30069131242116,1.5123289827854,0.668766191944306
"316",5.40901504766799,1.78251627690593,0.343986765256886,0.89995645336047,1.13597070352783,0.685673186058403
"317",3.06776913799305,0.302232204267388,2.33869013935868,1.02297305618244,0.54410550199832,1.14429417012352
"318",3.98196389247992,0.268936018167485,1.16502971610147,1.50706544449425,1.46415456207703,2.66477777221912
"319",-0.861095722393257,-0.128081622329123,-0.321892350071033,0.397286707819254,0.96242075959263,0.0238300045953037
"320",10.0393974117366,1.38334209673771,1.26865283974599,2.26100445851393,2.47415595846897,2.70661293971851
"321",3.04605551844714,1.27343847377662,0.894601673414246,2.06379233266828,0.711270029980689,-0.128418485183932
"322",4.83321533718807,1.5990409562387,1.87896952491519,1.68425797278725,0.750121439042998,-0.00219620594815817
"323",2.09360292612117,-0.658952272744134,1.93957736161095,0.850430040633056,1.19667536255536,0.703159554324081
"324",-0.953687646232896,0.226418904594668,0.443576665115548,1.70746398961541,1.53905604981312,-0.149496707738231
"325",11.6702592948672,2.27121853485903,0.189501373930966,0.862582762021542,2.18648683152312,1.55767957704035
"326",0.176926519805783,2.46267929667181,0.491866101480487,1.74092139699349,0.938509693372443,0.0324083341952216
"327",5.63086983807331,-0.0317842801620634,2.54624775675805,2.55292136789588,0.551403809696521,1.20419477969535
"328",5.23270052912828,1.1449879300536,0.245248979874844,0.462765971159775,-0.524640815433281,0.654196792797102
"329",7.56322425837589,1.06796346388595,1.49359423749467,2.29119342776697,-0.0526362513434642,-0.33570694282539
"330",4.38909018538056,0.207633419005498,1.50412872997268,1.11014824420895,0.615141528881814,0.205310295590397
"331",-4.8134056079465,1.93624399897873,-0.856165179126158,0.894723745402162,0.919772042844784,1.97483182542691
"332",4.87818530557662,1.71012069158812,1.38018108965779,-0.444216268623783,-0.632656331808024,1.06120968316
"333",4.19024168348654,0.9841633892683,3.09915322089624,0.834202065538296,0.0209225321506278,0.653183628990804
"334",6.36828459822362,1.44549349269849,2.43868765011456,0.810724165782551,0.686894976439059,2.53390356960634
"335",5.59777666030453,0.162259448346372,0.741536264246253,-0.477946450461993,0.24283925834212,-0.78279553434664
"336",1.21703712950322,0.318619422756099,2.26130415077582,0.771166210781839,2.787243522464,-0.0904361214620228
"337",8.10496071800207,1.58695000028435,2.92668340906217,2.09152599904597,2.97326632176553,1.89277046324313
"338",1.20589153087725,1.01753295114282,-0.427938996872369,0.699298285558206,0.313793041284472,1.62146244864826
"339",1.38364412195921,-0.0912952916802521,1.92478334384414,2.43600194327104,-1.18396084255974,2.04416112761645
"340",1.21287186985157,0.0169935768197894,2.30313825001242,-0.601967923684249,-0.455424985495454,2.49814376292704
"341",5.49443425986735,1.01085253399826,1.55338540803711,1.12988617981065,0.481280050829202,1.34930405330708
"342",5.33394268140862,0.322720126223422,0.958054367358372,1.31273914956236,0.107621014603192,2.68016695406692
"343",4.18880626019052,2.28107130491222,0.683334900378601,0.524910780138587,1.16828013852495,0.485193346400815
"344",-3.15146296144676,0.364704640196869,1.51095004903793,0.223638309254092,0.517296193753733,1.59124827850599
"345",4.7867647169043,0.462320801346054,0.644730871081861,0.296575358722288,0.687538547464517,1.10444088577344
"346",1.86401369630862,0.543796299881048,0.321700233148787,1.86993379830755,0.410431991948184,0.209185839465425
"347",-2.31081136304687,3.11976538365358,0.35075353288849,0.124110948855953,0.329584880842464,0.775329627120413
"348",2.07749789988411,0.896268792479037,0.0486448441838259,2.38241400664791,1.24469021494625,0.519404386436311
"349",-2.55789682404664,0.729854856837117,0.611241266503059,-1.32672615266173,0.186340798388531,0.785845629435534
"350",6.28650693296962,-0.433363900988627,4.58138983855381,0.462397626241527,1.54278394497235,1.46805687981273
"351",-2.77619827450175,2.16835570313744,0.66740696757735,-1.65801223136789,0.344537455780284,-0.251695021358635
"352",2.1564485053823,2.99539238756059,2.26059572564251,0.613684475665417,0.329048807757799,-0.109674541873493
"353",-0.564147680135286,1.66916806764924,1.33165846708804,-0.320094838510894,1.67488034327084,0.614432649915402
"354",5.93064982606184,1.64774887048508,1.75042083828236,0.58694215302441,1.36285549188535,1.57954680275199
"355",4.79093756020975,0.981372062533187,1.59104336955931,-0.0994164008105862,1.74024728389343,1.66316994255493
"356",6.15852761875371,0.242436430804986,0.200973776396906,2.59972069741376,2.18804011505016,0.803404161411345
"357",1.08006200050904,2.21757697461969,1.1272591893006,-0.319294577091102,0.608470943068297,1.63265676470124
"358",0.365939170713216,1.40266979115147,1.49716620655411,-0.15818955871064,0.211600456895707,0.156127516437404
"359",1.11081601359646,1.91476453693929,1.43883200479881,0.282412794165279,0.893737487144544,0.13697033814934
"360",0.372705996403626,0.966250921664867,0.465330533960854,2.79038547615944,1.33006393832973,2.12955031270431
"361",6.7333456857379,0.729085824682339,-0.871481289873016,0.218756953031837,1.18178060726967,1.17090843111809
"362",9.24323505000604,0.57345896226729,0.819845663548785,1.0786580255124,0.776547224804439,1.49977736018225
"363",-2.32177409136734,0.3020438606169,2.56238226904333,0.223030845032113,0.558495708630025,-0.460110820523481
"364",-1.30244556185769,1.06229296164768,0.488253748220719,-0.0280836543457064,1.05104767846316,0.468376955221549
"365",0.637044443419236,1.11436985374495,1.61073072047791,1.05911136672899,-0.458284062212567,1.61978167665358
"366",8.07942701814208,0.249146937449143,1.8131040640651,2.23986690413716,1.09124431032935,1.47163419742278
"367",-1.09625631462958,1.59924887131078,1.82114649098417,0.895145133497541,1.36837345277885,2.22467264149295
"368",-0.984022245973671,2.57384575590384,0.312643973706997,2.04913785881549,-0.372926714627374,1.91912512811414
"369",2.74157460530327,1.44159668054027,0.361448750199569,-0.224037264238784,1.43714825702612,-0.244567664816577
"370",2.02362424895844,1.8549571353311,1.7906036937382,0.223662666107723,2.91407879854969,-1.24848435485883
"371",-1.96944990965859,0.624768856847381,-0.132434565936879,2.10539311443156,0.102228441227241,2.60852592220192
"372",1.79336541270125,0.912300289897351,-0.09631604767746,1.00502743151376,1.6555270774254,0.015289287760379
"373",5.17440318228601,-0.78913329708714,1.01571963475463,2.01853248880995,0.559727801235478,1.3961150586568
"374",3.57026005661329,-1.27724513760072,1.88521991419553,-0.548925025324036,0.0887220391089274,2.19796032062157
"375",5.85313772740537,-0.214621531928491,0.825056873950846,2.55092963326352,0.353215477440927,1.70104864525994
"376",5.92221801819672,0.604018771256758,0.542661154180186,1.59253064934507,2.20966184107401,-0.23660184915164
"377",-0.306928953223888,0.394334698915443,0.627539708162526,0.0818888165753772,1.46294899582705,1.5916347971272
"378",7.3149325864785,1.21046848971103,1.24204558581647,0.0408135509038172,1.42820705253735,2.49130943380157
"379",3.7869574388717,1.31420421742795,0.761050646830986,0.779910200872968,2.2413802310752,0.6328163121628
"380",5.89211099668969,2.23032430103586,0.368210911616077,1.35375659462431,-0.771739380174244,2.01961663800293
"381",5.64625649346203,2.43308745362355,1.40245796989488,1.09401505137931,1.41437939863083,1.38011254779583
"382",5.95940714928899,1.43811374528721,1.28164050123686,0.464586695498535,0.216295337798689,2.08357649713676
"383",1.96514888361784,-0.391536315789448,2.78971050516878,0.190669949392203,3.3592714465463,2.68741842903668
"384",-1.5114753695409,-1.29761178756177,1.47040794317512,0.304520696117385,1.43714164415148,0.811097398086578
"385",0.342201487638188,2.43377735072126,1.86332000368859,0.720636659005771,0.341923489613071,0.856030497636358
"386",4.34758261451745,-0.298952334631766,0.590189420453527,1.89297397135523,0.253131372776854,0.87307840122343
"387",-8.06335099565921,1.85934773281783,1.61645256989996,0.561219775397284,-0.328889821678956,1.89566930030948
"388",4.86955416864497,1.19604838826013,2.65229189754772,0.655582965532462,2.45530879439196,1.01627246155699
"389",2.52168251937109,-0.0843616541087857,3.38623564929787,1.65515140904653,1.35890422507259,1.12574744918289
"390",9.37766099976796,2.28558320499536,1.64995736562858,2.24736829721108,2.01602897597764,2.03564365856673
"391",7.78736947785783,0.695756203689569,0.564304224371003,2.39718996579365,0.105152727688752,1.75069729490989
"392",4.48276835910281,1.21411287413102,2.09529290870439,2.18156345968597,-0.690166051576384,1.12206821482809
"393",1.60946938148928,2.10023017463894,0.966949766141769,0.0106564383648093,1.27958680163752,-0.0122575921784525
"394",1.01102025349158,1.7296169481276,2.64842804358578,0.490318723213247,0.139685360688027,0.92859976842524
"395",-1.00469111546517,1.99984751723983,2.8354068735027,-0.663880985335245,0.44914881596163,2.01967809754399
"396",7.78179712926597,0.3905814257268,1.57052094759421,2.56705594412754,1.17577564932434,1.14243323693734
"397",7.44622469855169,2.92536548482336,1.51629045150717,2.10922215705636,0.824945025161521,1.14278862487978
"398",4.92037557098722,0.73794520428347,2.52701557415616,2.96884137742818,0.23479797440713,1.10653763584199
"399",3.48508822910665,-0.899254764730276,0.537779918249951,0.940079664765103,0.166938315012803,0.267598975899379
"400",6.38954661481815,0.633939033928682,1.12549360871823,1.26571935208345,2.39158361452117,0.259473812480684
"401",2.04257698413715,2.0191134282338,-0.133641715518344,1.84547222088529,-0.407387076760422,0.192676707201645
"402",2.19993151930204,0.580362830239566,0.289284737795308,0.1157215120417,1.67774917277394,2.17670688443454
"403",8.64980987831988,-0.307009760460913,-0.113697795990251,1.949606395562,0.503889468479535,2.53727480123027
"404",2.7574787436725,1.84423840160086,0.281236508198954,0.569524260004333,1.21474534704295,1.28244897018771
"405",5.82794903308084,0.934127595134833,1.14899719286768,1.01966207787077,-0.503934524229804,1.9754460808487
"406",10.0651144799912,1.3774327497618,2.2030589255227,2.12902002727797,2.31005869668013,1.11364164635674
"407",-2.07364583933417,0.158324650405189,0.392454407720384,-0.286188120129653,-0.604550356416358,0.377980823647663
"408",1.3284586583262,0.10203507314195,0.47193840588515,0.290354504923491,0.923014001843757,-0.0856738008838513
"409",0.200413789730296,-0.169635790277745,1.95292380269383,0.353872201482806,1.54452307661175,0.21267767938265
"410",4.49790403455867,0.397068855650941,1.05783384298586,0.704866938217671,1.65283432880644,1.86866785300668
"411",2.95626635231385,2.69058078634206,1.57556645712975,0.994466527406981,-0.0711592964856902,3.09581101004298
"412",5.83581948522774,1.87708545052651,0.59245404413035,1.99298869586534,3.73167863734138,-0.638418403656778
"413",8.87398893945302,-0.329341629571182,1.52714628067357,2.2768693260501,2.52763677372222,1.88100503175445
"414",13.3220330934858,-0.645396688538933,-0.0625756190340181,0.382483742645075,1.37998528903979,2.78686104897581
"415",2.81196718220964,1.51022269177766,2.87687907495166,2.16057608667009,0.80472764307523,0.325517618054418
"416",-1.97432638801375,0.443404606404301,1.80868085557229,-0.976316380120396,0.529617145880693,1.69383104201348
"417",4.08762061643955,0.784405770293283,0.620629068789043,1.30452864602624,1.70964966697293,0.766154465904547
"418",-3.34822281771316,1.35442472274226,0.338924374263138,0.252450355445832,0.547361067780735,0.205333009047756
"419",9.83406313292391,0.320047368594231,1.06616211153769,3.01793464608055,1.56192094334434,0.949451451922639
"420",-0.134999694772089,0.789017107420113,1.0488110883388,0.2157900295253,0.457679498663317,1.46024613784445
"421",-8.54567151295592,-0.133561107933389,-0.94299776170449,1.66075691492932,-1.81505950237744,0.0273168128045782
"422",0.624179166790879,2.3882683003814,1.06463560301891,0.947099485107532,0.223653973480406,2.37069157581487
"423",-0.70668834105946,1.53372029086468,1.75335497412561,1.71392257851176,1.11408101603233,0.399910381867299
"424",-2.7290279752025,2.89985441790474,1.73408316295735,0.193751696988134,-0.16110431979736,1.02213208161088
"425",6.70148235902178,0.932418921570717,0.907891575955696,0.602096716432327,1.40585566777774,1.90564930829022
"426",5.10854466189233,0.827763757447594,1.62436039641694,2.53667719787372,-0.0601526135469539,0.731205164959331
"427",11.1754831284567,2.12824373150234,-1.1401800381168,0.364574466671211,0.585596631244145,1.86853883907201
"428",2.07381199552601,1.83910133187351,2.0048337434345,0.777149639264849,0.522215845900258,0.711880902428653
"429",1.12503145578007,1.34778168601963,1.86560191812811,2.1782916227041,-1.06981380649149,0.212103609546879
"430",0.971529986088921,1.50704022686474,-0.588470013985023,0.149901876719927,0.823125349812749,1.54816520755123
"431",2.64635991827131,0.00716741721118264,0.43763921168926,0.934534406788862,0.501540717686708,-1.0796807122492
"432",2.22188409765603,1.05790458862957,-0.777062009949774,0.813427599934184,0.876568689270941,0.891503648285291
"433",0.706009184341092,0.782084442130166,1.59612470709977,0.510537608490421,0.763515754836561,1.92519451479562
"434",-4.02819841580409,0.943886049967326,1.88581577864176,0.149724331980163,-0.313159185433325,-1.42288356401876
"435",5.27562797551149,-0.907222594761618,-0.0985864082872208,0.992701435820654,2.76390107388296,1.19137440999807
"436",2.50807982441742,2.60265585221614,0.448132008145616,0.305449780305552,2.33096501487892,2.10754735103173
"437",1.19453600388669,0.352519443359183,0.940815574654715,1.31855675498592,1.7229363317794,1.48369416092881
"438",1.23172199796853,0.77526081913751,-0.910850091888574,-0.222625600781307,1.08059729604932,1.03508801990813
"439",-0.559936593204346,1.28497605168042,1.12324142384452,-0.175671440020478,-0.119721764812349,-0.482180418893199
"440",4.87179186278417,1.72049290267079,1.19215131004852,2.05120499388887,1.76145408808775,-0.533794856047012
"441",3.8686287402401,1.37070603667831,0.607111291471047,1.47538566463067,1.01012616490629,0.380305157038629
"442",-0.314587589625285,0.441986594218162,1.89083233948146,-0.186098498465485,0.46244983575085,0.428772454307893
"443",-0.676511154510813,4.26302422650632,0.57770600078018,1.81298452025686,0.339521197452656,1.15802282592386
"444",-0.371733111240364,1.20590021704699,0.0939422103995184,1.04166263249447,1.4545310619592,0.826598514016657
"445",3.94325455869603,2.03036826238601,1.1740655672245,2.21801940207946,1.28368960191732,-0.0870221897432621
"446",6.9042923531723,2.00174554734665,0.739500591212934,1.56168419388389,1.19694707617809,2.14420781060508
"447",5.45974542869411,1.03472363613901,0.384220245931911,1.61535548882211,2.37181068708499,0.401124989136934
"448",4.2807449130473,0.207452839161857,0.721591717049734,3.0675943711689,0.883846932735477,0.266596818176978
"449",2.10319099227781,2.3110189071514,2.14602330505517,1.46496496419031,1.66580507403207,-0.200510137563498
"450",5.82980531683008,0.574940935401994,2.89898021709433,1.45799218448065,1.44015851959443,2.58438990448292
"451",10.208779443917,-0.384228351874831,1.04765036468756,2.85856721365661,0.738186071607308,2.55848303413505
"452",-1.28154321481049,0.344052542653569,1.30820759047189,1.28416946928678,1.08855051950748,0.791268386833212
"453",-3.78732757809604,1.8658735641325,0.778401626246014,1.63130188819735,-0.693948339934794,-0.175701385518695
"454",-0.0610046910750826,0.581039889593786,0.992240368600989,0.036565692422048,-1.46568006204742,1.26664912969354
"455",-1.51037667515407,0.384149586742038,-0.553535859215109,0.421637142734403,0.482382383127561,0.435676524872345
"456",3.82296936058828,0.167951536605029,2.33969161150433,2.33684607763483,1.19421572182711,1.72574230345146
"457",2.67112644734453,0.124552294041483,0.0133709285920097,0.0400836317846995,1.6468549490739,1.038729992385
"458",0.283556722919299,1.90847356274808,1.34390831300252,0.124083149447237,3.25466962349287,0.0504710963803202
"459",9.45943646273875,0.736927957138057,-0.266376596093187,1.85977952016641,2.99533112956177,3.18689338508769
"460",4.86539668079558,0.621256811125296,1.9479557913571,0.871664817974418,1.48698893125126,1.75549280994815
"461",3.41694211171351,0.449404277714651,1.00891331674975,1.90229238815813,0.376171534097303,1.87954254041448
"462",2.20322436494971,0.674972554821768,-1.12246278792792,0.505403348986848,0.10707229890376,-0.719429439782253
"463",1.24162108610772,2.95540216330153,0.42391399620452,0.0538827165248329,0.016241412955234,-0.0415243956609725
"464",0.25854743769679,0.578359820905426,0.956474887064872,-0.0369348924651778,1.01885264846592,-0.401510266729004
"465",6.31502599220667,1.02823565405985,2.09834772127612,0.991264359750152,2.64224628125914,1.43904596810015
"466",11.2468714137268,0.389315681305708,0.959052265607409,2.67723132305046,2.09140659441266,0.933302899026023
"467",-1.6222515472798,2.48176778616145,1.58748326593847,0.0155362314242524,1.68607673104028,0.0662670249124035
"468",-1.26618037411445,0.616722174668813,2.29764188025597,0.925598082942239,1.25980230302871,0.0172886820338232
"469",6.16154858027093,0.606480010058301,-1.46000739875794,1.29399000705424,1.43251980363101,1.32860999372631
"470",5.01349647276929,0.466863271501544,2.22521928844235,1.87563734208099,-0.250037203986715,0.871806937727341
"471",0.511124983526289,1.16226211593374,-0.0844657206608479,0.592402959884543,2.89206214245239,2.27318094568514
"472",-2.09775790409665,0.916366548588296,0.679652027301689,0.709096565453531,0.995158290925393,1.41647204184429
"473",1.98445632384169,-0.556146492844299,0.198716906206928,0.105134358025339,1.20452586672883,0.938835427702323
"474",-0.429328468025815,-1.36750635265505,0.773956097950934,-0.971064429816733,-0.395752533247272,-0.729578560354865
"475",5.70327528726192,-0.011409355322755,0.412108401293559,1.27803539734668,2.44026002806436,1.96645592048896
"476",5.83788399420772,0.315673777455093,1.27656572389687,0.60946705127794,1.01534664750424,0.939989168948596
"477",6.73741713943027,-0.0131558846508544,0.701985529378075,1.86317676387547,0.364219222964188,2.10347630581825
"478",11.012183100827,1.69902576047541,0.265587234817558,0.264538737004798,1.95789253873612,2.49822610247084
"479",7.48161109136121,1.90554289854933,-0.545568390683333,0.805953191202095,-0.230931582962838,0.332049559351904
"480",3.72906310649394,1.1786844463304,-1.31170887054563,0.434186732732478,1.56134142755631,1.4626861314431
"481",0.354529739803396,0.79557428676946,0.518361882631658,0.304601418949423,-0.779025468467167,0.596883561894368
"482",3.29872821393599,1.61697493207405,2.87131184024073,1.00007445475689,1.76423899876723,-0.243604261975759
"483",-1.10824095518934,2.9048126187078,0.908463380340196,0.667671020610361,0.662591794339305,-0.854234812293105
"484",2.99303282732504,0.440345644307185,1.64928479395343,0.859640435398193,-0.443248800112225,2.12559976074655
"485",3.28881875751084,0.782685537048332,2.74667386118433,0.973188350058411,1.1451360481653,1.24854280720197
"486",-2.63790284054569,2.38362237596948,2.4172912736277,-0.0990710808000663,1.55659874030002,0.917986274050275
"487",3.10289316085551,0.614793981870885,2.18615055850637,1.42897918616512,0.431985390410801,1.38646748012744
"488",-0.804640387917776,2.31875494425342,0.547579759158015,-0.137744535295678,0.970447818394166,0.782285030098509
"489",0.918473218041878,0.177392322965772,1.11759750259294,0.157943739444788,2.04665689219248,1.35047423183244
"490",-1.23764839595112,1.73588727026297,-0.947176775308897,2.23764784925,-0.349204252082171,1.26186212187842
"491",-1.01709904012887,1.15837543826219,0.0782590285466709,1.02994464658585,-0.050847812319281,-0.501843954348074
"492",6.2333697591381,1.60641241223117,0.178917740237689,1.49454952069169,1.11662060760076,0.725699787699274
"493",-4.25512432748392,2.09982622107088,0.837009822164495,-0.138830974895259,0.403639894276217,1.40405382183941
"494",9.18229632724457,2.20324653388534,-0.0827082462318023,2.95668722340659,-0.183374943342661,1.81099940589685
"495",8.10602545457306,2.49719794790384,0.313361853465347,2.48533771452371,1.56468663433888,-0.0141103130389695
"496",3.26961706853328,1.12455838853793,2.63064472626067,1.37848484427058,0.964173678081923,1.7727231148976
"497",2.04622989165223,1.12435960868305,2.79579293047788,0.557726932667376,2.22242480380459,2.01330667904971
"498",0.609597386556089,1.77263526146747,0.627792110885184,1.98197863292414,1.28281305762173,1.18335069671932
"499",12.1451043047264,-0.116901207414047,1.66812391688393,2.50363255958387,3.89914871938979,3.13901058841079
"500",6.57136163983141,1.99485774684763,0.128559750130921,1.8787347834325,0.797641317061474,0.443315335186564
