"","V1","x1","x2","x3","x4","x5"
"1",12.6705370184747,2.33195860527323,2.24842514923974,1.20878001236759,0.210359893211538,-0.158285743454549
"2",-6.8530842776866,0.403288468193602,-1.14771143864507,-0.40434378367879,0.391261897606477,-0.124334320627929
"3",4.22846402767451,0.26546516356508,-0.0599274709089748,0.493840235552097,1.07432748952836,0.298567989588801
"4",6.26050480712512,1.89104531654451,0.967039894570616,1.19098202113233,1.8534520311257,2.39780296484847
"5",9.32552004757598,1.53519429359489,1.41529823006386,2.55407909510521,0.508227211740268,2.58464706889624
"6",5.51426394442312,0.649477738117382,0.0139211321882849,0.918773651147855,0.414314134215279,2.64451805769735
"7",4.09690267780866,-0.769432036479043,1.95026183117987,1.08477827013052,1.38030858262428,2.27629315180351
"8",11.5107573938246,1.25066260618002,1.09735503295619,0.69813300511654,1.326395401973,-1.85342593768907
"9",3.19710674882313,0.955293012781161,1.00266215283636,1.49190846705329,0.00662089310501246,1.66278511323758
"10",-0.0653351811329848,0.494187290964906,1.01570100827683,-0.205964297709379,-0.906778400117246,-0.329199838562471
"11",7.97342183619912,0.706757027069139,1.71754681238878,0.526521529988675,0.301547899784795,1.97885936535118
"12",9.18114067788739,1.80279348491936,2.18045767790266,0.594518766740102,1.35860768972213,1.26360463514333
"13",10.093024968744,1.84236326282618,1.84493276469529,1.66597635380013,2.02394775411588,-0.709228632555277
"14",0.239101448249153,0.273475251748106,-0.197214236515767,-2.1019484612099,1.23186625552656,1.74759363537713
"15",10.3878440278327,1.85532674171361,0.699400911036593,0.989856921095988,0.693947307361474,1.34732030854779
"16",14.2791828332665,1.17843835270056,0.478243136764856,2.72917637232278,0.506516999563211,1.38226876021813
"17",7.02693243836033,2.33698227993467,0.913431019174227,0.0316330778703819,-0.113914657056742,-0.340454168736348
"18",0.984125144800473,0.543797072088278,2.19901813195526,1.62845296771044,-0.836669754641581,0.845889448376525
"19",-1.39532285923206,1.01444505018793,0.375656234242214,0.305397303142054,0.612134047895349,2.25125564460064
"20",7.32145919717437,0.889630015255855,1.014017587008,1.86535193444008,1.02882692081481,1.09538938323088
"21",-0.572334166748591,-0.180399908409556,0.175692739962944,1.91114745734222,0.245238647805839,1.73353857959707
"22",13.2740217937312,0.793635751973615,1.03993310448361,2.03015816166946,2.67550726737898,0.868783785813058
"23",13.9833957412186,2.49857448912078,2.03234839553425,2.075915125176,0.825562241635691,0.870196163644954
"24",0.61431425823255,2.40317171500669,0.917540604037738,-0.929421319742234,0.634381359731674,1.67585710929371
"25",8.12222031678458,1.40014515644277,0.455132378800538,-0.840999451388796,2.86926588643795,-0.860944685393642
"26",10.6095701526677,1.06552094947878,0.717570224463337,1.53905956103861,0.959229150937352,-0.413487403820208
"27",8.32708508401333,3.13854194175862,1.18954617479523,-0.417640344688215,3.31206709244544,2.51268278314639
"28",3.70014522415279,0.41743058408768,1.56054283421602,-0.246382303047636,0.157886861268507,1.91839299442567
"29",10.1747676641116,1.77390865422094,1.66175099554721,2.9118540930048,0.226624662120257,1.66039384054479
"30",5.02507555242855,-0.0271280090780552,-0.112189694260414,1.13188794367817,0.292812151467694,1.34084446189836
"31",9.07133646704424,0.163383020907641,0.739735384151359,-0.0108635952295071,0.889902481048393,-0.545290711051816
"32",-2.54523182982209,-0.20316138101113,1.35996305006611,1.74245280998039,0.430801415148054,0.701980531288665
"33",8.13640861396864,-0.0336184808757214,2.0333786051206,1.44682312725971,-0.260971148723927,0.696878669667963
"34",8.5648253397118,1.03176255037911,3.30053201438968,1.18597551573881,-0.415529947794088,0.551369006885857
"35",2.5549767799527,1.35320840824447,-0.622326721107947,1.1410605608443,1.23955584290587,1.49150426038988
"36",8.76377791421123,1.41320544102014,0.831497469432112,-0.208823001676237,1.91546581981356,0.161676657343509
"37",-1.44289605033032,1.32440210694808,1.03086638943659,0.0863367777034504,-0.466661602995581,2.12781355800566
"38",5.05775781785558,0.31101067281473,0.597063068583953,1.10564130529586,1.80624390223206,0.403492365104262
"39",7.45321243342672,0.226192723169335,-0.505694448048022,1.96625540348434,1.98988193600618,0.25258473571366
"40",8.86905683969221,-0.365442486738295,0.82249165805295,2.4215151605295,2.12618554140588,1.88488455387099
"41",12.3063574539748,-0.595282777265041,1.09295575369308,1.55351180391844,0.792249649392681,-0.0859534425696133
"42",-5.48435605554322,1.26573174987644,-0.780694168958974,1.37130120396929,0.790127619810825,2.13641610750141
"43",-0.780214081386356,0.683109332204293,2.73489724465401,-0.0942141293009515,-0.726116776361161,1.54515153906131
"44",2.99500937146378,1.4843344398184,1.77858381455286,-0.112654329076956,1.40506628587427,1.68701141220296
"45",6.70663375535175,1.43486471906767,0.53945535874769,2.99963087555991,1.2957631942584,0.747071930889106
"46",4.96561160558023,1.01483881965492,-0.499066970751748,1.46040650188489,1.08798403087757,1.38616317952429
"47",15.537727720142,0.80519087063155,2.28423460900025,2.24185041733188,0.341070951029647,-0.171510901453072
"48",10.5804079004239,0.486802202779457,1.17372904416031,0.926307126097687,2.52551018115418,1.04812892942381
"49",5.0416499006756,0.245972097087686,1.31425632354704,0.565494563701038,0.651732094290778,1.63699795468322
"50",13.3863068063319,2.15600340463835,-0.00856333197904213,1.53423678870944,1.30467569657898,-1.10220719833326
"51",11.2105404847731,1.89036826772383,1.81824751644528,1.88397546665049,1.35838283066364,-0.914310214105388
"52",5.81840340441287,-0.732185894179099,1.25977236091205,0.213824384846154,3.23672567856538,2.33923145864465
"53",9.0026175147181,1.18441081760186,2.48374216697452,0.439537277009618,1.37410757351734,1.07794291068275
"54",-3.52992266197288,1.79890386939206,0.605102000313594,0.929018493600933,-0.176757068156156,2.79410241644349
"55",8.88426926268153,0.654185092324566,1.80122969310828,1.64719284638325,1.28670997884278,1.19290600708733
"56",-3.1006403235386,0.287886455420477,-0.502215042192813,3.08406113956476,0.251168929778064,1.29626863054002
"57",6.29541142454544,0.627322280161557,1.28917363690817,0.628610881956464,2.05091242895981,1.78331923054738
"58",3.86345269078042,1.49889484179502,1.21123949514583,-0.00776269571554256,-0.818494949887327,1.69835206921779
"59",4.40097641866367,0.829178355054099,1.96994926883393,-0.0671741733770772,1.49400354058825,-0.00936789401674387
"60",8.35657948489774,0.975925508110998,2.48236213913316,0.868709113572257,0.759635810727878,-0.563556018667331
"61",-0.612458251769327,2.47436856009088,0.38550532278204,1.67521851708869,1.37549309778349,2.07813248233853
"62",0.375183452149043,-0.184893605470695,0.758469073050579,0.693103369623246,1.39357457792245,3.17428341345199
"63",3.28992208791062,0.384534670155221,1.49299660410873,-0.317905470366856,1.43352219056058,1.24265191858353
"64",9.42713696886057,0.259372332008007,-0.232854273387357,2.23754294156457,2.08329592318841,0.431785809006603
"65",7.97689211453969,1.54203190426525,2.31465743471508,0.414175356252554,0.165838320713404,1.22090931610779
"66",7.60141168441798,1.17758700998805,2.04124775004963,1.59826270960051,1.12019562740332,1.71454261982195
"67",6.73386892369912,2.38305213445936,2.23966060093845,0.0237546618936932,1.99807290432881,2.8321931250713
"68",1.87897254824301,0.842124925056463,1.68759471015658,-1.39792101236267,0.619324436479646,2.36612038989227
"69",7.49605771092463,1.30837088759287,1.54310238039284,3.15159768890813,0.611251291399271,2.02481801972071
"70",13.0099035735635,2.34698990180708,1.40069461874536,1.82322237721758,1.8218367785239,3.07539133015911
"71",7.29407811570295,0.447454291478722,1.76095324164857,0.507007921605325,1.95980379267914,1.09659193154207
"72",1.09198133702678,1.83518644450266,0.239099313326078,-0.0927031155759459,0.993501849542463,-0.148769677067067
"73",4.39706959791627,0.543185059701438,2.18450340357506,0.654304399976079,1.53869117467525,1.62119432197495
"74",7.58382875199462,2.99245750479556,0.913047727389075,1.52823815833074,1.11938891487512,2.35120862267312
"75",-0.0399454805629085,1.73833515873151,-0.38041030353571,1.40222078086074,-0.952200991831168,1.06642673696903
"76",2.0139875848434,0.624314517472984,0.414389174170193,0.99653823938708,0.165754249612209,3.05793964474786
"77",11.3724451046558,0.911975362332138,1.64922404572014,1.0195790506396,2.64547097076985,1.77697058184721
"78",5.96686764204939,-1.30445678695786,-0.14351557739225,0.271756838012576,1.66380503556625,-0.193054186967161
"79",8.06183523805833,1.91633524794056,0.141438170449762,1.61146365054253,1.31077359146923,1.22304975659201
"80",2.63233105876302,1.51908703326991,3.58053175358883,1.82473765025033,-0.241392461131866,0.917179433349971
"81",9.85574845506497,1.66475041301308,3.71177551591143,2.53319472717651,0.795962348455922,1.83550849570805
"82",10.3467834035522,0.451688762733944,-0.1020982038119,1.70513816427837,1.59442557033978,1.33387151312002
"83",6.97362414306847,0.291677086778975,0.71972768167404,2.0966504894323,0.743313481912537,0.237350787891741
"84",6.07602114403526,0.466783334738331,0.851152003692191,1.30031180383228,0.71793754934029,2.42594775835308
"85",3.67336207026247,-0.436751001901882,1.82997157632124,-0.52947478133739,1.14702710118422,0.402988432147622
"86",12.0356514083562,2.16555016795252,0.913389408893874,1.58287159468732,1.27161920913185,-0.145676547034221
"87",5.65688204311806,0.762066226844717,-0.637673745262259,0.747423819954333,2.08269425354078,1.10383499902967
"88",4.81517119375335,-1.18288981979724,0.917279055516807,0.669102833108952,0.895698200219433,-0.618252833345013
"89",4.55593072836733,1.43018949737401,1.26322834357861,0.59578004452612,0.272778934180013,2.06707735340666
"90",9.66112355278805,1.59537130985433,0.839248421195458,1.84199748576822,1.42302381633793,-0.0687608047615687
"91",5.07406391154888,1.92827936369828,-0.28432113613042,0.977704352388276,1.2922310259332,0.735253240047462
"92",8.05687422983378,0.565382224052104,1.81551329915971,0.254373494894629,0.186132148823746,1.05071130735322
"93",8.82115810446366,1.61295392020347,1.88882318139355,1.51494961946949,1.82586430148632,0.668293236564348
"94",8.63100410412398,1.69848469665077,2.33020187988451,0.674964338732179,0.0755443322111529,1.89272349189362
"95",6.28109955390154,1.02383079055409,1.12487509071314,1.54405448484178,1.84243390028119,-0.992636993619409
"96",5.00684208634943,0.8152167025946,0.447207720403501,0.686842885175047,0.827804752878657,1.45090070431813
"97",12.3072172318198,0.815071109285563,2.10184340406756,1.42402269390498,2.36724579919575,0.933839037183799
"98",5.37687639532184,1.41147432396647,-0.150145100699504,0.348569135105426,1.99123286858868,0.947011150715875
"99",-4.04582046917858,0.955738310940517,3.48370521536635,0.300412175967151,-1.50950552440058,0.174117948244323
"100",6.8854601466887,0.571175122795966,1.76892856535751,1.58094002202104,0.850296568781702,0.820556914032447
"101",10.2417374404457,1.14917400314053,2.73813896054871,0.345284555437567,1.91734048602299,1.20547981080794
"102",9.28913379275682,-0.199069614604254,-1.5069486572708,1.4178167769802,1.50070530323497,0.440411867606543
"103",6.12787714666484,0.331775136853632,0.599319564509988,-0.383226427662197,2.17289513476046,0.542316889288868
"104",5.98487816903029,2.46346786343507,0.631411792102718,1.53851360275604,-0.281265336085718,-0.0594324819077585
"105",9.83920779220954,1.17524378638309,2.50890433717362,1.89506811945203,1.00549323541865,1.69882367157139
"106",7.63041284067013,-0.336450829516964,2.44119476742375,0.41041591581483,1.64209675068376,-0.258438410109985
"107",14.500338136556,1.26186166617829,1.93306479859119,1.39775531653518,1.9734561796584,0.386077543437937
"108",-0.111333326054752,1.13873239308815,-0.618986510990283,0.811610694353409,0.0969310861122161,3.14979631605129
"109",11.0313465619442,1.92314769930409,-0.258798064839102,1.39735869472121,2.09423009524508,-0.800666713200026
"110",4.39503984072074,0.557940530420803,0.406609496071365,1.83806892730921,2.49317839401378,1.9452175067375
"111",14.3314330672347,2.86944726622779,3.05239422751075,0.63542861857986,0.415666466077375,0.178735586625381
"112",1.07241905384376,2.30477232352139,0.511258094398822,1.50604479107003,0.0526672089528935,2.57588860454533
"113",7.04071021921926,2.10126168376324,-0.322861464237027,1.27420551689362,1.0099889052613,-0.190926305426245
"114",6.98617103317495,1.4974629914122,1.01398047159107,0.443201838889885,1.69732926600484,1.58276444494804
"115",8.50167686503992,0.790708950326316,1.96983547076393,1.03577183951001,1.55802876602418,2.43696708814524
"116",7.12111363527386,0.0840204535945067,0.777018019986656,1.450344682933,0.959354699560363,0.692254862763089
"117",1.10509647543086,0.943663031428474,-0.530831998780911,1.52404360421971,0.378643937714116,1.49981090799624
"118",-0.271002190384042,0.900647983397014,0.429845928822504,1.11355559582107,-0.71529028000727,1.26444365781323
"119",10.2996501973349,0.39305326763949,1.26733420424305,1.53903577291664,-0.53570140318583,0.504794530401074
"120",4.62949702366808,-0.589476386269544,-0.14798305678267,0.60246265530371,1.49723516966206,1.48763563928453
"121",15.1766443743151,-0.0389926626353161,2.46892361136208,1.20727975052368,2.67255787718396,0.779162800272259
"122",2.30832491214058,-0.29902293731564,2.18568532272182,0.335025985477865,0.565011566408084,-1.01819180798382
"123",2.67846169228529,-0.255100584214604,2.45081877356932,0.935760819409627,0.5040033276483,1.83357207488733
"124",7.62099159851869,0.762730339533695,0.815730581417945,0.542710552191154,1.45381222112819,1.57858989079433
"125",4.43671809006221,0.0836535964739072,-0.234625223558944,0.395582214071704,-0.044163156231271,0.342228322696128
"126",7.66896343910611,1.38128803585894,1.98158203720958,1.97041902198473,0.579310674780687,2.46343678493402
"127",7.99868185823769,1.26996756827136,-1.43793826328106,1.7566975916985,1.18219137603745,1.63992817249244
"128",12.6030595986752,-0.812007534996034,-1.62361738704313,0.646577680668794,2.96470814576698,1.04318381837899
"129",8.7481500203946,2.2290040356242,1.56310418404219,0.107561064907181,1.52621147762498,1.1394864453795
"130",5.5993229638578,0.405673984866928,1.68215550278307,0.239435910272508,1.55610211658137,1.59511445264693
"131",12.3968947143728,0.716101979582221,0.896317566311349,2.29467231773481,3.64320789410602,0.155259012643874
"132",14.9155479419785,1.35013084934318,0.720501174430075,1.98348942334089,-0.255604809068542,2.10628705139788
"133",11.0450787063601,1.49883023960638,1.11146765668932,0.409883799539248,3.15178547623349,1.17784784443738
"134",1.04962437694125,1.8432119491618,0.886014113004527,0.131850074681848,-0.885784783256736,1.67300633823643
"135",11.7879956553373,0.605084995957076,0.412885200973398,1.56607913190651,0.236833905776547,-1.18117790564799
"136",1.50753954268187,0.686852070961046,0.813101340689717,0.86173401133768,1.01199275018111,2.48304290548824
"137",4.46994817894367,0.20677176254212,2.05090327344607,-0.340195133296114,0.0695083806033403,0.931054450071721
"138",6.64054633306782,1.05695160326883,1.89674900368308,-0.0663733233124544,-0.94898359654094,0.403085705420522
"139",9.52123439081362,1.59650171250205,0.241743021749107,2.36304589986197,1.26309368764486,1.55721790456984
"140",1.91622474185026,1.23382032451114,-0.0175508216875306,0.457208090960465,-0.70585044978286,0.849021965237825
"141",2.84795223067317,1.33609410901658,0.846405500205748,0.638048877248002,0.496826496394133,2.05005980516249
"142",11.6207408381656,1.36449492995641,1.64122750989278,1.73517679679839,0.13881227735359,1.25682867036967
"143",9.16927907818739,-0.593926812544649,0.856129314471562,1.62529468093444,2.37746407861063,1.65362577605602
"144",6.62434325654324,2.12560507690078,1.72618006230138,0.386830838407988,-1.03693924328241,0.756757244290357
"145",8.33220495427769,1.96993413558617,1.60077517372536,0.880614282627118,1.69315275659215,1.3683051223492
"146",0.525171476737562,1.06335713186086,0.145932189223968,-0.163355409854528,2.1812294294621,-0.372263361063916
"147",2.39995096515806,-0.181802012910366,-0.304859569616506,-0.243720060251193,1.42416945395112,2.51032957781326
"148",-4.91823174412304,1.45371404317078,-1.1399494910936,0.185071763101165,-0.802645376538037,1.23721589753039
"149",5.06773211591413,0.132019147448804,2.3098168096854,0.84774888679902,0.953690936354655,-0.368769556324145
"150",5.68049370374134,0.0657868783879602,1.2121755309639,0.831555624335874,1.07504227895498,-0.681434860352453
"151",4.84718412327666,0.308079342969442,0.611893245655239,0.76241016748077,0.473464119406797,-0.390532954110896
"152",-0.738484486822946,0.678574530976655,-1.13675789094376,1.02490674804077,-0.2960827998461,2.1140614867873
"153",7.86292726460064,0.824974022062762,0.115789548395027,0.57956631172854,1.81670865338267,1.52026779099605
"154",3.23405544961423,2.27732789620264,0.330349665325204,1.92944474992431,1.22869781751415,1.65165770818866
"155",8.11730899219201,1.19996970553603,1.1641044829582,1.02010332812019,2.39568296795116,2.5659864688875
"156",8.38425757655406,1.13571274299641,1.74878235343626,-0.310367868499854,2.80716020885962,1.72098060514767
"157",17.4661676506064,1.45957469420053,1.64545514590437,1.68431376068441,2.09932770050156,-1.91734205984631
"158",5.16473091336913,2.07078324860762,1.18270640681373,1.4140078630554,1.52161597288703,1.04867180013293
"159",8.54472632261419,0.747540300362209,3.34003252045,-0.487340675922558,0.363026839646211,-0.811506967571767
"160",10.5175675486016,1.39174787165998,0.318480459877445,-0.34770309023776,2.55351353557144,0.134348399676769
"161",1.61832805164851,3.15611373033625,0.618577894360965,0.642011179594846,0.616338546241041,0.179771037402348
"162",13.0140696888494,0.574260316704359,0.546501846404352,3.00907303795783,0.274982889469447,0.46982211647791
"163",7.00727780763607,1.6566989936624,1.81844010065606,2.66171408026382,0.772954648060571,1.36988256264506
"164",8.90255724715728,0.538372422673169,0.512145921725532,3.15540065003916,0.642034737676662,0.475365813220877
"165",8.27322927148178,-0.106234946529906,1.31672829596457,-0.115696504473445,0.0494864083105967,1.32080070197015
"166",8.67839854469873,1.0232544936197,1.88445548451303,1.44767100177595,0.81586722876275,0.444510246302641
"167",5.92202895635023,0.507364099155057,0.84536101736492,-0.444379155245751,2.17730997731197,-0.00127070325970036
"168",1.42721384375646,1.13676176102123,1.99585188874487,1.346855048862,-0.833132215233042,0.287186128093173
"169",6.96833072699372,0.348084613403159,1.56854788141499,-0.757598749569278,1.23203329268559,1.95078442375343
"170",7.42549749232621,-0.188110650072011,0.834544661009373,0.155615983635123,1.68886572866644,2.46739171783692
"171",-0.445455149050307,1.80816712851084,1.45335981243268,2.66389948798932,0.0242610088371492,2.79676512547549
"172",6.26995240089572,2.52904066805558,-1.1079838870495,1.79120727598737,1.43651567620609,-0.190268781475914
"173",6.75764820776697,2.4372471035124,-0.254392483708344,1.6725602944444,1.92437320931594,2.00583124335485
"174",3.74613240053363,1.29806771454354,1.49041570601063,0.446337967898738,1.37251082076698,2.17090871754344
"175",11.5932552658125,0.988231744274744,0.815274546287311,3.17185716946977,1.70367706835322,0.89337378376373
"176",5.37931931738821,0.543510922478551,1.70864885735777,0.343838801379521,1.45282210179555,-0.187124595544743
"177",6.93358561109811,0.654028146639127,2.43704273267879,1.01239214009985,0.569799178440629,0.360254737592974
"178",6.78197640141583,0.585223002592109,0.336818772059185,1.96686263130369,1.93059988882946,0.867441400343543
"179",7.0712577920071,2.03928711814835,-0.695657399203081,0.623409278537691,2.40865483142799,2.00054765883363
"180",8.51300989536795,2.57440233276847,2.70287521550911,1.03752626630987,2.60167127390138,0.45820059912878
"181",6.32911989211806,1.44751998174166,1.42233829761145,0.181593020472352,1.15795995609417,1.02316736033635
"182",5.42441155214103,0.551933650788792,2.7150287489934,0.77936045550484,0.806839957542099,1.12933349238511
"183",9.88365425627977,1.40575333300896,0.930684323735656,-0.117335081316788,0.90731091844727,1.41000531136935
"184",10.4536149175836,2.4127303921217,1.28957251558334,0.682224903963742,-0.998930533451512,3.01595496252881
"185",9.66532281121836,-0.0183224625083005,0.882460173363198,-0.16786203042609,2.26266953942219,0.322756471745702
"186",4.51436629106165,1.65330369353661,1.49723375581376,1.50429480308743,0.54689522282234,2.09456900825097
"187",11.6470451460823,1.61071425242201,3.09005948135157,2.49113956228169,-0.504449069085844,0.0105771370926818
"188",6.610049034097,0.505492035934252,1.30290927177848,2.84690471313096,0.0656793640997957,1.19590482463926
"189",2.42965104990487,0.502290716108763,1.04717592793413,0.397566150194103,0.538623062431537,0.336045028339708
"190",1.5720336654824,-0.0989240754864864,1.863484979217,-1.11300641127283,1.97773516683773,1.83789649757594
"191",13.3150882254547,2.16026873851341,1.06902673224211,1.90796595189565,1.49002368067984,0.839804999014796
"192",6.6928248745199,0.868166080907299,0.600734143749692,1.05147215696972,1.6677327357088,1.7639543336641
"193",5.12537510172066,0.0923412528890561,1.95448533208717,-0.412107415700784,0.857228492816591,1.4910713294964
"194",0.0265017979645563,2.0539123550514,-0.537914212847131,1.11008130084847,-0.0377234778318036,0.0910117873975843
"195",4.14131381352127,0.889967273393067,-0.498871367700035,2.65836798737514,1.90879948422432,-0.523416698232039
"196",12.0473932380127,0.186692799038141,0.921498796854184,1.5145022298753,0.557297089546898,0.709390987452143
"197",11.0881342277395,0.859278603944175,1.79716803497784,1.56014349023076,-0.143494579769601,2.98144050453403
"198",9.0975864157955,-1.20982141801514,0.954350298136203,0.783713704873305,1.43493325143099,0.809518310377002
"199",9.80407502898007,1.4129397973126,2.81235946675882,1.72337530033617,2.27658922303036,3.43673693029589
"200",9.22109256192401,0.799545085336552,3.48030119948877,0.232046395422837,0.875486585100204,0.527225957756842
"201",5.85820601447198,-0.853703860706735,0.285102316823527,0.426415466160229,1.04609819093401,-1.90772850096949
"202",6.03395585850281,0.799930268060457,0.050705220410222,1.60101520854904,0.818503859144211,1.37187787793143
"203",9.11831605125388,-0.511651306466066,0.774254060907812,0.421563340321468,0.467651519387119,0.709598017352662
"204",5.41699597921986,1.70945264361367,0.894917002047416,-0.951762873190285,1.37647945757708,1.53377310306867
"205",10.2895293398928,1.05805394560401,1.25598087167487,1.95453944707316,0.715006664330828,-0.0811282510870923
"206",2.40367202462076,-0.999401282081607,1.30802374026059,2.20360255027067,1.02420459434555,2.37889136923485
"207",7.94483126963318,0.955398913949405,2.08727403049366,0.249115802417493,1.28206664779844,0.0665859774689345
"208",5.67413802613403,1.12796025197728,2.07104417748129,-0.318267879178992,0.65994719246746,1.83817844503516
"209",8.14569219971244,1.53938525712302,0.952560527481398,2.19119878293541,0.056572970285478,1.43648592460055
"210",-0.962813426511344,0.341482588272137,0.377845229316567,0.498451744836185,0.62525650200506,0.842679025156914
"211",8.86685271808792,0.951104599899327,-1.87045359708221,2.50649747114285,1.03617390986815,-1.42532962713417
"212",6.48323925169914,-0.423059411290739,0.578868225243192,2.58225407370308,2.34111829574262,2.08779854460071
"213",1.85200178464572,1.18144348319191,2.7455967340125,0.767637002208843,0.0726108082053648,1.34418506436949
"214",1.58700590907453,0.721639902528541,0.828432357420237,0.306178440714822,1.600876667894,1.65687028608322
"215",8.99692313575108,0.482860124974721,1.76294388071728,1.36662674454183,2.36787814286573,1.22086448787216
"216",7.18846290620485,-0.526209475507564,0.530062793444479,1.56746725325958,1.51552046776517,1.40220109784642
"217",8.87790198274147,1.82133261883076,2.27471943255347,0.250403338290733,2.48455006728528,2.45733621702499
"218",7.85176198160768,2.09706941142675,0.856902333680252,0.842014654487784,1.48291087565377,-0.210115124450031
"219",4.52947531712746,0.259290038233169,0.62453259935409,1.03527491743259,1.69411524154791,0.829661562519311
"220",3.33787986120039,1.57588788406985,0.585922045448874,0.285471481658198,0.571969046424814,1.78360060119978
"221",5.84076909587332,0.29027482998872,2.98461334288685,0.915255183308183,0.280230924743807,2.41327060896857
"222",6.3748368538744,1.66430349816092,0.32250345289929,1.88390534187714,0.352392810858561,1.82675873649413
"223",10.4177393486649,1.88429919520284,1.31023018525369,1.64430177944507,0.901893041201004,2.06128851428088
"224",12.3100059976016,2.34645335591217,1.10348962549131,0.674306221265806,3.12629446366141,1.71034985120055
"225",6.56693380507083,0.441007673116565,1.76908760757904,-0.394158686707642,-0.0248957651439035,0.802013423450571
"226",4.55182300842669,-0.00938207373413613,1.0190020440732,0.382118281474348,2.28215216412153,0.0538832609147483
"227",12.3449767557369,2.54069873301195,2.29783224018489,1.88821359059647,0.661338414084294,-0.30969338071833
"228",3.08433864615214,0.436924532238924,2.60250820677031,1.21914828348213,1.14231388546691,2.8182986383724
"229",4.45993262301721,0.558577273908238,2.30952087748727,2.13009248346592,0.683796941748694,-0.366409067471916
"230",8.60417849368606,0.564441586957816,-1.20606180551012,2.16417823888251,0.731670451087547,0.890936949239661
"231",9.8932545894303,1.0948355614573,2.06098395067502,1.97402075101218,-0.053540791897225,1.11714340828809
"232",3.4948821025391,1.08206489433201,1.72023884289868,0.350843443145877,0.629698203725527,1.43375067868331
"233",5.79533325932389,2.08719992383835,1.64487650967706,0.949047489585064,1.85267599595302,0.13485903711758
"234",12.9586582732615,0.470379353307731,0.977740554935014,2.60548280419916,1.34593400090959,1.06126314471543
"235",2.99540412997385,1.40154925742206,0.433724523417804,2.81294479413496,-0.564728760880224,0.385472889481977
"236",3.21964064850969,-1.9076892105137,-0.629799119995532,1.93556518242449,1.19190705051032,0.944941705423971
"237",8.8896092681594,2.0735987158492,0.82876631697784,2.13640533556881,-0.231967727930994,0.704567082958995
"238",10.147446009242,1.84036316138491,1.78225938769521,1.49873323752782,1.82532150895478,1.70361212300084
"239",3.74859418216967,0.905046926458643,2.68407435217186,-1.74682252150865,0.631411769000913,2.22608042871838
"240",8.89172735357337,-0.0967287002246879,2.8567107412733,0.0552920329105725,0.812142304655147,2.11455266730555
"241",8.70506864455692,2.20775230304755,1.43444436754836,1.577248517022,-0.689284019323757,0.22687660292872
"242",2.31053745395483,2.77663281741218,-1.57144936754286,0.630102290891475,1.64972662023086,1.38398287285841
"243",11.6603268991624,1.50106798995555,-0.386682119409505,2.63060050122965,1.88339156408072,0.528117503382672
"244",0.305720575687756,-0.101470195682758,2.18659482350625,-0.289068063160669,-1.40058159915758,0.200030439123417
"245",7.17899722478891,0.189678685375567,0.547883120682696,0.328336718094873,2.20185757324036,-0.138714983945564
"246",0.263040632900346,-0.304086503179676,3.49159612725472,-1.05578854201042,-0.0441844038673005,1.60240501019259
"247",6.97970910844474,0.0978542198115304,0.724406302296365,-0.0783365048654661,2.77284780643177,0.58796140292157
"248",-1.35418769269487,0.766491719354901,1.73326353890435,-0.805085894131398,0.0840084304216672,3.12643801207063
"249",6.0848787790425,0.682874850466074,1.17635727173735,0.843228129953171,2.04629048911987,2.34078902337366
"250",9.08479524755301,1.05702977963991,0.937013509715559,2.50089075975586,-0.383388111394642,0.579374945711991
"251",1.82848707106788,2.2939258275443,0.3481869571229,0.326601564889622,1.35259839526439,2.87463172755739
"252",6.69777660017273,1.53021407267712,0.943688501705383,1.28470146255089,1.37935227075307,2.04293939123396
"253",11.1042371628396,1.88036055531719,2.24924587545663,1.59873335197016,3.72502911438271,0.714214455794123
"254",-0.410511785940677,0.820540273055156,1.24820607709151,-0.700255728589742,0.525995986463362,1.81396000895908
"255",5.57026562126178,1.96028017453057,0.548860402524061,0.0125233060760869,0.659346269985534,0.335709153804955
"256",8.44358485327402,1.45952261795021,2.86287757688323,0.453727522895198,1.4758947426232,1.39911585334408
"257",5.45683014530572,0.340368552003789,1.24801413111379,0.980345355787923,1.53142649431797,1.19351010147551
"258",11.7908263511853,2.25116256347134,0.645635327520706,1.30117333578537,1.77835989715582,0.233326992445043
"259",1.93612432649245,1.90291371467433,0.314300136308311,-0.0210933989003725,2.22891337537089,3.11723782174252
"260",4.23886362360592,1.59424693024781,0.462092896437659,-0.0482665536037914,1.89052720646901,0.23575121833791
"261",6.08120619444435,-0.977743004585535,0.977263147783139,1.99648328497666,1.39187300770589,1.15751731752187
"262",11.5183072025252,0.709227086352114,0.546077507056597,1.93723927529526,1.61743840288656,-0.526919885161972
"263",10.8398679872282,0.705776821384815,2.94950258134999,1.24827432116604,0.644569878191678,-0.455567583027722
"264",2.72580817220101,0.525484733968088,-0.342552149021851,0.87919262527657,0.964878499704813,0.532918557613503
"265",8.02410700328527,2.93388512754584,2.60096717969505,-0.163136765724088,0.392319422279659,2.00123760648872
"266",2.3849852194872,-0.417622470220367,0.759541547583031,1.10480770097161,2.04328461283088,1.12571135100517
"267",11.2036945641502,0.0299547442529919,1.68397374980719,1.82755528718484,1.82481155269716,1.23377853765724
"268",6.2021258849406,1.16873882035091,0.130891312739642,1.1219557628152,0.866583708061531,1.42702541018077
"269",10.7218371382206,-0.0207287555483011,0.905637055136456,2.40317754737917,0.943105533260336,0.79134386428006
"270",14.7123496327956,1.38300691868396,2.61503416354708,1.44607533010382,0.922007306412843,-0.00317584878371879
"271",10.1020664376601,2.17268996919267,0.681404028401878,1.4882255637881,0.381636782298682,1.9379981577772
"272",5.31853189127252,-0.629785960013062,0.602485359196464,0.60281015301552,1.44181825289216,-0.555117089909213
"273",9.26803303032061,-0.591123913616986,1.91969661285516,0.614959606012371,1.49639032950191,2.4535853365942
"274",-0.733712012090909,0.581036113840635,-0.0710212167841462,-1.17971680322033,0.571776031905163,0.480657491723867
"275",8.4897957788174,0.629002948595538,1.84068266350894,1.18397581127694,1.64096256060865,0.395299432292789
"276",6.6976241970079,-0.272793751969509,0.381173849910743,0.808565730281106,2.40142007906329,1.1405101249933
"277",3.21113300060341,-0.382520188506761,-0.357717198850687,0.0301097711748761,1.44240203474328,-0.112891206721998
"278",6.40494768549383,-0.605226107627385,-0.495138040763456,0.675424599422993,1.97170272953408,-0.0964485903410239
"279",-7.02224372636761,1.1364011836964,0.0959495679232831,1.50883280325144,-1.19454891312703,-0.472289896295146
"280",5.49270883322502,2.19067903264325,0.111635114708078,0.840450362251527,0.696561205297622,1.13051895936332
"281",-4.92062313750898,0.886613757846352,1.46797674908441,1.27138557132592,-1.45585994220704,1.2411148765756
"282",4.59924287557765,0.917101904385549,-0.258752812227688,0.716261475841314,1.47112346631935,3.03766003289153
"283",8.78020523357466,1.37432424536762,3.82364201931362,0.448556500519245,0.871590582146486,0.403295326099815
"284",1.49028750242944,0.099083418914903,0.381650206036371,1.71649556844995,0.976525676560153,2.64920215741949
"285",16.6391053208925,1.34856006987106,2.28513799844693,2.55665336883391,3.19593667586326,1.23417762048918
"286",10.9894530131333,1.57311547695864,2.55223069321456,-0.0869504441223943,1.49432043185442,1.25331330387452
"287",0.0612375117099822,1.26862782995423,-1.40003570682196,1.21374508760601,-0.285499266726843,0.782710794295965
"288",10.1671939668491,0.596999030858357,0.154264009026005,-0.124253291615406,3.78687851514063,0.314463725728147
"289",13.15658034496,1.11584154251668,2.63111287370879,2.17471867465548,-0.123112518782599,0.121566726878219
"290",8.70500005766528,1.68622985660799,1.01481085608397,1.54074891911607,0.0403263705258129,2.8191024606389
"291",-3.36172163845662,0.767138406145295,0.302033884282205,-0.5661166535445,0.282085981253992,3.34909159044863
"292",8.07859933456343,1.45183053096152,1.68335267290243,-0.710119065906174,0.964769159561378,1.51441753311537
"293",4.38811307888091,1.7000348197399,0.528506532524348,-0.521786699321235,-0.159146146842966,1.09448166707638
"294",7.35908677546459,2.13849852440972,2.49721501216305,0.340265228296106,0.717977002572564,-0.771835158942419
"295",5.58979619727566,0.745454963639892,0.496677064586536,1.74816573251369,1.99333265577347,2.23763061742679
"296",7.78804092967653,0.72478935640848,0.0450973736172009,2.33793197127343,0.535157464253367,0.723561960835923
"297",13.3335475157911,0.708874748942704,1.78686721771066,1.47552634065399,0.915511866841709,0.759175244158667
"298",-2.97310116646096,0.796076832902256,0.200499941026869,0.77213610769905,-0.0747143920961952,2.61088660412955
"299",1.97123849519175,-0.100327123124412,1.7449326502652,-0.978050243456478,1.35138761183716,1.5353631965029
"300",11.9246277567451,-0.652415391079128,3.75444167503879,0.440399074097391,1.93264850009349,0.534962089665356
"301",3.17347456247675,0.843267922709278,0.830043654973065,-0.976888016665699,2.92488456827882,0.664888598657769
"302",5.74249148844568,0.771242381543908,2.26277940552928,0.826610736725963,1.1676310023773,1.23289861259462
"303",6.46519754409855,0.315010060346897,1.03487292854281,0.553804196852103,2.42511580908224,0.251168099483099
"304",1.40101999072956,-0.27345545576485,1.98991166771718,0.00996353878352074,0.541588300356251,2.26133647407845
"305",8.25942705132022,-1.30739044278482,0.83833816057805,2.04738860410691,0.845435340888748,-0.712373728874225
"306",-0.116412559586584,-0.441395010816737,0.0448231443523059,1.32283918351964,0.189404524280852,1.02083589560926
"307",2.63575262901013,0.480357594701667,0.293007481589606,1.5524285709144,0.180948817815363,1.47766786818278
"308",7.12645878035297,-0.847555459874072,-0.0709286622370005,1.58999535834009,0.88918771047185,1.58248094452375
"309",4.24446917734637,1.53921933650493,0.914227193010352,-0.903502326152847,1.97742726180705,0.46402539345245
"310",2.78765196122338,0.483222532704393,0.741465511289428,-1.04805199897841,1.48570205901568,1.06353714043754
"311",2.01266008977246,3.93103912029025,0.251412335110231,-0.199303793655871,0.598731851561535,2.16043399668654
"312",3.83686608044595,2.12240226087984,1.44857386631197,-0.688394520800881,0.467916433587173,2.12933558049703
"313",8.63601999227582,-0.496958147780924,1.4564649886154,1.92461148826586,0.0348084043428146,2.26105703031876
"314",3.04509019639895,-0.877955117796588,0.778194300171519,1.96983591769065,0.374672096501026,0.586900243046626
"315",7.91017734970595,1.46245013471103,1.1629578431341,1.3262578231072,2.77175135974308,1.38307022569678
"316",13.602068086133,1.1821327414663,3.62581295520702,0.324446380650151,2.78339156172296,1.43681507355671
"317",2.68519555640265,0.610496030790857,-0.127559528199331,0.12779018832059,0.682794896742831,0.696685911635376
"318",-0.222296295441073,2.30538490069043,1.80337346057586,0.759256598949834,0.664215230081695,1.66043183129744
"319",4.88944665123984,3.45439407276919,-0.0215692310407338,1.78677289309153,1.68686750334789,-0.525856264356179
"320",14.132482332292,2.06531315820774,1.70943598839577,1.6460159438839,-0.212182122272967,0.299887413848417
"321",6.16325798698697,1.76066399270828,2.65133490087286,0.803867423151026,-1.22464618903959,1.6415430571824
"322",10.0377192872007,1.73825859871088,0.887978054360502,1.81944185178459,2.09270224317007,1.40273860555084
"323",0.973465663294315,1.18140794056947,-0.300833725683723,1.01318694559125,-0.975495526226761,0.181876062790112
"324",6.5959230902689,0.61678444318755,0.860541190852581,0.85885072525785,1.4674901957255,1.96300653611702
"325",5.13032097601382,0.21321699603911,-0.0763435527601162,0.0501539998833196,0.895948370999003,-0.297779351902624
"326",7.26054099580434,1.68270978608355,1.54679512617477,0.422426196679196,2.08316035487702,1.39009882634628
"327",8.20698111233738,0.975939456113286,0.471714203416129,2.06224840594935,0.823679166759129,2.54380382071157
"328",5.33488124655075,-0.099084438336323,0.716768471289261,1.19279976176084,0.664245936323279,0.759306854563564
"329",7.44057617093076,-0.610087459976761,0.357948243105301,1.75584041304219,0.522578383440186,0.141790286994884
"330",6.44058401460278,1.22191924734879,-0.0897622314257602,2.50396862935022,2.18171468870428,1.15651662092538
"331",16.4911656875641,2.41992094786413,0.78114321131506,0.754667928697272,0.384344226046698,0.270493578708393
"332",3.41868264592543,0.814008759018146,-0.0998784428370352,1.30759780215995,2.34800698336787,3.54563337962444
"333",8.06024430046137,2.59619047639784,1.92407288086885,1.22553217025151,2.34107180429656,1.89545201282933
"334",7.80449168652575,1.49716213883413,0.583705077181092,0.558816534485652,1.17248882747146,1.48154687452904
"335",12.1262449624416,1.82292872605014,0.87626232428151,1.77335816640112,-0.167360817389905,1.82099272119732
"336",14.7773828993856,0.825142802843391,2.54121750208698,2.01257969880563,-0.617211617599261,0.895111790138929
"337",3.65970228802542,0.60861828554145,1.45235943684888,2.19481099103518,0.178106254444703,1.14494727087142
"338",9.70558133639696,1.14765274162727,-0.546903373959191,1.46368572008796,0.0191307492305295,1.66396555161268
"339",2.68019503562964,1.99123189051949,0.648804587673064,-0.472295775499999,0.838992300173181,0.172887600570629
"340",12.2459293590907,0.761298016603084,-1.10578287808685,2.12410743317477,1.38632202399623,2.04672043925262
"341",5.29744102806386,-0.727829014944005,0.474465623690776,1.36615807863667,0.130962272107505,-0.833118569257241
"342",-1.28033316967272,1.37406097311825,0.914684739695049,0.628060235630875,-0.275548926649616,0.896369863492734
"343",5.66815916340496,0.98508785664481,1.63179534755788,1.66205296053743,1.21441053375698,0.440850767253319
"344",4.14704507263226,2.02006115753078,1.84903125832528,1.20280239131713,0.834295982471594,-0.0467687874159735
"345",12.2488114545577,1.75156027981357,0.871191787258195,3.37990179278786,1.84992304252722,1.83710855129699
"346",6.53444558906292,-0.335335500128684,0.312925033097343,0.527545362143228,1.29094472255013,-0.0790701025213496
"347",5.11756910700888,0.905902120167972,3.24803767537321,0.148741286227467,0.742726015512143,2.30685654046062
"348",12.1721978838786,2.22524248184143,0.0881866214180893,1.06675164749641,0.503638331746372,-1.20419063073966
"349",8.68970801105563,0.696489215019253,-0.663207829055976,2.61035908813485,2.02168611840957,0.467414489589636
"350",9.2706007384041,1.06798022919753,1.14045177032404,2.50066393443056,0.15444693381609,0.598948239284936
"351",-1.44108440447994,0.568203888530345,0.00499502572922661,0.954933492742104,0.121255872321447,1.45089272688939
"352",8.86631115968314,1.70897877177695,2.56234385790755,1.13319656972904,2.35195351263727,0.677480434370062
"353",4.37671148502144,1.78641629459671,2.13925271035672,2.30985191607562,0.83832532644902,-0.556138176897145
"354",0.469516599979889,-0.121913953345284,0.39472675873813,-0.4602802460136,0.488450250733326,2.09959630669299
"355",6.63383553758875,1.92512038180375,0.0476093976834504,0.826645549180169,1.79834528074761,0.807454231008678
"356",5.09695978276193,1.32198076481878,0.0799185538139275,1.62557475892667,0.540204948544976,0.613112274042826
"357",3.76938839744154,0.836650574781535,0.455335568821792,0.86715988635901,1.45534611327776,1.21029736384716
"358",7.00160479029855,2.99001110817563,1.13316998688312,1.2053756740891,1.18658720857503,-0.0609990667528355
"359",4.22820521526628,0.806139808211702,1.14672396203692,0.54927677101373,1.63967424406126,2.69293664163396
"360",11.6668633974961,0.995125335445337,1.64820127001527,1.85348676849467,2.64276577559823,1.23445602412062
"361",8.65907887195696,1.61028619472955,0.751647213134853,2.68885319691206,1.18377355384912,1.41690182849506
"362",8.83781543179193,-0.15494250723308,0.92305256482275,1.05771877894674,0.503533267019997,0.490615924808849
"363",12.8002666395084,1.44404070647043,-0.605784474793401,2.80753404408943,1.62453944493402,-1.19887917531046
"364",9.20154383782431,1.82600840669871,0.410051446227865,1.31219817704335,1.18434677088993,2.18193729672554
"365",0.065299284721617,1.28016072434419,0.74602044581968,-0.584025592006185,-1.0076773893725,-0.406607215318723
"366",6.3806863499704,1.41235168776267,1.16266408266315,0.466438761300902,1.32750471938709,1.47671341463792
"367",6.97932179388467,1.03714065736858,1.54749219192971,-0.73947091437625,3.37760917722498,0.88274306093162
"368",10.251812491908,1.73542488463638,-0.800098968835209,2.7234519033932,2.29062480472675,0.954206960532722
"369",7.30157259663697,1.95927390900381,2.06700355348919,1.81969802260913,1.21519285080849,2.23966567181185
"370",0.557323260292621,0.902016018216621,2.53409943386312,1.42176825210664,0.877285694619427,-0.0473148207562608
"371",6.56820363515201,0.591154200083751,1.58360946954385,1.14131566503591,0.275862032550347,-0.306295921566773
"372",9.29823373676266,-0.497980595832239,2.34012951010076,1.13313997513001,0.579784297686791,-0.490706658726011
"373",4.81112083621247,0.130998123116348,1.68005558111554,0.232352983962559,1.10042228062479,2.4869712036829
"374",12.6566240701009,1.66402502898236,1.31408836948734,2.91787760976014,1.51646739590965,0.64277726230811
"375",-1.88568975587936,2.01331008165694,-0.725642567741318,-2.32671243566966,0.993999420090714,1.02480655356147
"376",0.0913080536295841,0.99187979428219,1.82484489752614,1.08829972249636,-0.756092093323147,1.66290280234921
"377",9.41291995930494,0.636576894243917,0.554656888065337,1.6087235413369,0.00778357686476683,-1.26309600276544
"378",10.2360489142794,0.765477914965455,1.61858203481902,2.20346419107303,-0.15418390048265,1.08399488111963
"379",8.35157205269395,1.07413241832007,-0.0210654622704554,0.550744110899843,0.635666920091071,1.97215320264719
"380",10.2784815692225,1.97236087574092,3.13203903923565,1.39832387737874,-0.52246754557271,2.65297443940829
"381",0.630623484198232,1.66513376673931,1.74494850910048,1.35712598466396,0.00367905949435621,-0.297313244349585
"382",7.57770897290948,2.15784637371745,1.67292249561817,1.36142964704988,1.25196065528394,1.74735844318918
"383",10.8113358140391,2.29281285413555,1.19906040619392,0.619616068532401,0.852918190746456,0.177766739496028
"384",9.99135275116129,-0.379815284510567,1.661647920116,2.50329306314898,1.22397757544557,0.773992409750282
"385",0.0896900262311208,1.10329618908785,1.33098221355107,-0.158639397972313,-0.845828334601785,2.45418491243268
"386",11.4266152829242,1.50806285659495,1.3255778724222,1.74172304943393,1.03514722357713,0.742867056911358
"387",0.411467472995452,1.98485201986452,1.73385875547578,-2.23792442311508,1.91348812502995,2.44067041141001
"388",5.56156335270923,1.98000312621975,0.250127688911361,-0.200498136056503,1.92894768619347,2.11592305251011
"389",1.71018460725565,1.39195530453908,1.14381612956307,1.57519038530353,1.85624850661195,2.41529607655495
"390",6.60324022615179,2.35674819961709,0.94631660381673,2.10998311396232,0.400467982049453,1.65713045390915
"391",7.29121835306156,-0.710227198055021,-0.0547596390377534,0.92377996122337,2.3625495896068,0.505298149278248
"392",8.35223622107702,-0.3311603316787,2.366386868558,0.341256801127127,2.94936696263397,1.25689718525119
"393",3.32857405930113,1.42609226599668,0.451082557969585,1.11461438442514,1.87918143896411,0.590235509204658
"394",0.950025944348577,1.99322138140482,0.0747132150374413,0.892765521517213,-0.506933505080715,0.559862698637423
"395",6.9436286619919,1.22895376109045,1.49595933830647,0.455782764014261,1.48211673150071,1.25856660750037
"396",8.9148007106582,0.956813455492809,0.837077216891513,2.1752760922812,1.47413559222787,-0.970868672248042
"397",11.0195841128654,2.15834789502244,1.60153136633812,0.722250991452513,2.08390417230165,2.17134489417456
"398",11.2626758480225,1.6263935767751,1.83124119118875,2.0668012199512,-0.0690030328369937,1.94510787964339
"399",1.34561112904848,0.0374687482932243,1.68823773254801,0.992515574074024,0.312319065576441,2.27198853695607
"400",-0.578346677958669,2.27667028633927,0.0563953892436581,1.03345335815945,0.0768449883858001,1.56905349616307
"401",15.2297872807699,1.73448072589752,2.61537418244739,1.52780294092213,2.51406529033808,0.130820131300905
"402",1.40694014552631,1.46059335603978,0.166820716693759,2.43400397788261,0.171833048854976,1.1823051406265
"403",5.22991133142894,-1.81516148927035,1.73932186180921,-0.574514538986249,2.11113686052175,-0.0977878474672955
"404",3.37552122896464,1.02136631933065,1.99089398931763,0.301054383221167,-0.202877538815649,1.10101077141573
"405",0.240980194745758,1.03593565361728,1.1452016046978,-1.2297805307939,1.81564850893751,1.55878411854125
"406",6.92855928875648,1.3079158827788,1.60178583792712,1.78114645717646,1.43859841736823,0.475641508627329
"407",4.10404143984758,1.63384220632133,-0.846601325795305,0.238830385772378,0.868806280486548,0.742662602327977
"408",12.8126135095654,0.71724205351034,2.14765081196819,1.41186144155889,1.74237519487092,1.77334587324249
"409",7.32399946460899,0.304454051156411,1.64097336475979,1.25476968900836,3.08230425096063,1.91530981863778
"410",4.92469766777775,0.808301602893782,-0.121092360091348,0.834630569806057,2.12833487180407,0.818885283176419
"411",1.63505683842289,0.789951701398844,0.142645815582712,0.850267675543662,1.19513995251179,1.22261873684778
"412",3.26454069747182,0.562804937904953,2.87434440232004,1.73028047985293,0.560245598156534,2.15832383816589
"413",7.7463515662319,2.61305387950479,-1.33213617646571,2.27322991249798,1.5727936969744,1.00095370577397
"414",7.3705456735288,-0.85932477279602,1.22778467036798,0.990757385201454,1.87828560027545,0.939402587452146
"415",11.0773211268583,0.440121525693572,1.10933496586455,1.19775229302672,3.80053545465398,0.549359563819235
"416",8.82525387987556,-0.567481814637562,1.73836794638754,-0.546882688578731,3.76548913789936,2.43927825712146
"417",10.3349383408295,-0.337520604059392,0.459148291325782,0.21964438246845,3.44559174074469,0.635567570747774
"418",-1.79828256533369,0.751116075339816,1.25644788976365,2.19994926277952,0.376489171712413,1.61114791139332
"419",3.12588234185058,-0.245829316452118,0.27668176449762,1.23206349026943,-0.866049807547842,0.624920010162421
"420",8.19679783168637,0.0575793581303641,-0.971228749047212,1.47805172030403,0.0213738219491172,1.39881346165423
"421",8.4275666382567,0.959733542029311,3.01003392856381,-0.294510921480021,1.39227205852069,0.043106002374608
"422",17.5653400049771,1.16606212608272,1.57281729846453,2.33175321609546,0.0227889825648022,1.63754122041802
"423",7.10413845181147,2.16115861848443,1.50927923656117,0.704931007705982,1.73877304760378,2.22455730751768
"424",4.55648814436984,1.45321563907497,0.118931891538446,3.01457019349329,0.690359981336372,0.166671958972586
"425",8.83918688394525,1.47480224768793,2.03328552647233,0.780791118552673,1.01104668275459,2.31386453129752
"426",13.4489011125031,1.69809819489433,2.15679293734966,2.5474561104191,0.140071445145209,-0.644894151506155
"427",6.81008327715173,0.169202212403456,0.442432564564245,1.79479261534353,2.32917359846658,0.13749201993686
"428",11.1756735107047,0.977640553065699,1.34288503017755,1.25883728493198,1.91806093629311,0.509324100342763
"429",7.79562321867478,0.738356425380525,1.02987686368288,0.839910670522109,2.99773425550857,0.284327366180236
"430",9.82531636551114,2.1100004189333,0.348080415228257,0.177204626207748,2.6451411621274,0.660951726577076
"431",1.01895942145261,0.179041452586248,0.272101766153596,0.485364442848418,-0.109285469385934,0.433919967420086
"432",11.074377486788,0.536474710043388,1.28803731564189,0.955967155923567,2.44724259679041,-1.3540928739158
"433",3.05819162993149,2.1281391620089,-0.508954724468825,-0.19664652478295,-0.577840684589201,-1.1057384701703
"434",7.20747398981567,-0.0756079045089977,-0.0509840456762536,1.14246400130119,2.87801812717951,1.04361527062261
"435",3.86824980620662,2.59691660341568,0.991898272777052,0.544744736901217,0.590586262470807,0.489099029537569
"436",4.14176694740794,1.17847080007642,1.00568268372631,1.77331126279314,1.2786574755501,0.794435740567696
"437",2.13694546030698,1.80856677808501,0.181043152345058,1.80177284530522,0.944746675483142,0.267218673711595
"438",10.834163268445,-0.197414552571217,1.15959337871421,0.791414432699178,0.406543714257615,0.680777065540375
"439",9.86327840879331,0.483799475385838,2.02899253197658,1.22385442972442,1.41293406651494,1.71580682844885
"440",-3.40380889227648,1.04847347343369,-0.480667190949592,1.30206158048225,-0.46594011761458,1.59742662796499
"441",9.77040463695846,0.334693011881802,1.11309021103183,0.545867999185473,2.17586878647142,2.1857492890299
"442",6.3030229857616,0.671356066826126,2.66258661097707,0.771256117270588,-0.117623061245885,1.99331503281935
"443",-3.02376885472493,1.47479604877132,-0.536840383294498,-1.6293110604369,-0.102206134529111,1.96193902498919
"444",4.29898980819525,0.508496794248676,1.24131324215111,0.83624968717032,-0.298677194330928,0.613676000273398
"445",-0.346220079729171,2.16326254006344,0.668221474435967,1.03071632563821,0.738146283040377,0.0373261494810443
"446",3.64149926964526,-0.441957970436775,3.03544399538841,2.71664014014873,0.294939588631809,0.479864650804892
"447",5.44457494123117,1.87052932374376,0.399635962126316,1.0715001397136,1.54778764063697,-0.12162478372369
"448",8.96716969387928,-0.256548908855617,-0.414959796162176,1.36284539242495,0.538561951352222,1.19824035460693
"449",2.22686516360827,1.93103377433694,0.297972290991456,2.09244802124832,0.55336844625779,0.242530932878991
"450",7.01564021459998,0.851602777991565,1.07227876272441,0.762869296831412,1.3057901851214,0.835642226581771
"451",8.47609670939474,1.98466883985917,1.38039465577887,0.951139817658002,0.580947131475503,1.74920628932444
"452",13.3213582593,1.50553200166152,-0.333441440200709,1.75855744272126,2.00304660477808,0.668725664883098
"453",8.1532757664246,1.33447788495244,0.140815739961449,1.55806390343316,2.52748800478633,0.327353036811957
"454",0.709024445515793,1.17892606500362,0.6758072665448,2.26298720614645,0.439704233704726,0.311589572745673
"455",9.04071242966582,2.4796445555676,1.19033863879847,2.14530167008965,1.76189996247006,0.0970205309306102
"456",0.534109216920081,0.564775241219093,1.83997924178185,-0.527378691031168,0.30580859323985,0.9603052258087
"457",2.09198415123953,0.946748304993372,1.73726868719125,0.800645293521656,0.513161197141578,1.9840251077003
"458",-0.870713959007014,2.11440596386697,-0.171065910072574,1.29852592851325,-0.461963463821408,1.7116510947129
"459",5.31007569465679,0.345980226482092,2.18144364025917,1.90018227243863,0.680687990127764,1.62688231134302
"460",8.81048179123889,0.973101420869508,0.294338436775882,0.287814234472466,0.517678256290236,0.244031505578983
"461",12.2623162741994,0.0880528416276348,1.12964724151426,2.39767971479332,-0.183273241549043,1.16804171159267
"462",1.16169829422858,2.49561434945945,0.00793680309805966,0.568840939148119,0.894375277217833,1.47054380413394
"463",4.61848510097927,0.835699425220322,-0.651111606791829,1.82514930315449,0.397322253261151,1.6859356735377
"464",2.12885213806294,0.0917763899060544,0.579542427938029,0.582462940439229,1.56654291056534,1.04002794506868
"465",4.67173102200972,1.62184452699492,1.31002955139951,0.176101065488909,1.27635762963129,2.45726914210373
"466",8.91078981839432,0.646594282570134,0.828670189994679,-0.592028478409872,2.84211398024073,-0.0246743312195119
"467",3.74627617309631,0.628614105542549,1.48561144352989,0.539689657571159,0.623465245345245,1.76479364370164
"468",10.6419935516211,1.47591615945074,2.51576991873418,2.31512028094996,1.22746914311034,3.73641486485974
"469",14.2154734153868,1.56413877404367,1.48708404304971,2.16667711153893,2.42761599298986,1.08686648238335
"470",4.19157764749133,0.742803628130831,-0.126616792231709,0.809796056003683,0.277787218357683,1.55263354804801
"471",4.48513893316604,1.06165241737304,0.408368528033011,1.42435049929133,0.347924984166458,1.36482722737773
"472",11.6886958501886,0.805191578926919,0.450720695008636,1.99337093078628,1.92527934717697,0.939018713143359
"473",1.26893706991906,-0.022710772504603,0.741799054141703,0.851010655476965,0.131235105645169,2.23980744218453
"474",8.72320920454983,-0.109650801527127,2.25366165101972,2.83141543725746,0.0447400878050822,-0.739304473118501
"475",0.36277249549657,0.989647462610837,-0.207636758822448,-0.012962355097945,0.0876679407572164,1.13901994726199
"476",6.94951938261927,-0.086122676290455,2.51045128469831,0.398015762104793,1.36046482419135,1.61158199289653
"477",12.1079893415812,-0.641241861647419,0.108276390083896,2.44315142776201,0.55869500348736,1.32948787477831
"478",1.52830839744539,1.7956318138497,1.14013051046919,1.92861520016513,-0.51218574521397,1.4096128371397
"479",16.6969897650924,0.744584368290371,0.543097991872732,3.17173040590559,0.709699599901378,1.03305902741711
"480",17.1552565840278,2.64620366952088,0.0282375742763318,2.27221422553498,4.61402286197877,0.956940851604293
"481",6.55381245569095,0.659920372464365,0.98089304302061,-0.405007312845685,1.59118478171831,1.04005479745002
"482",-0.705325374187977,0.647328377671563,2.44727432301471,-0.631018995200149,0.729155165821319,0.837168757356469
"483",6.77604218103368,1.11991372206465,0.858894636759564,0.975813362325963,-0.307190665883414,2.62851001777945
"484",11.5258324958699,1.16891127293616,0.0110040948664936,3.15775308943665,0.613378915137065,-0.212148305675881
"485",1.76921112307585,0.0532061796993943,1.21959643636629,0.656315532784863,0.243921163358016,3.46085581562203
"486",3.81877026747018,1.03886781418793,0.861870370174307,1.39162852312232,0.229375854609959,0.921324619351438
"487",4.31835229317802,-0.619320006245113,1.40984244054385,0.627387740658332,0.834543629732622,1.49279102726831
"488",0.781176387618665,1.04124534888137,-0.112036356988434,-0.764852609305777,2.54228479916193,0.565913242906146
"489",10.4306974441016,0.993339250893859,1.92208805245733,2.78464658086919,0.860720264085841,0.12921275959049
"490",6.7246704628221,1.49286508082054,2.67658445856302,0.640203196127372,0.82380159201374,0.673854031581114
"491",8.53163090197148,0.747714710138922,0.997801208401451,1.20780649242086,0.714785030344768,-0.319632024197169
"492",5.4155711721959,2.3973788713399,0.713386097357193,0.0846222653915564,0.81384504148909,0.639147579114447
"493",9.60010360938153,1.60104192839337,0.581422235151953,0.640907189439409,2.20261581091561,0.891396326171557
"494",6.68298800241861,3.06436955177734,1.94119230991621,0.671774763276382,1.144684974257,0.656995428897621
"495",2.54090718729182,0.0527231667365566,0.803785776430715,-0.653790897131611,2.32344495298647,0.806451616420788
"496",4.71630497566868,1.09934248965901,0.436803143346337,1.34457701982773,1.08828203029605,0.967939948992633
"497",3.50927977958898,0.240375434007754,0.234137098450871,0.875425925798285,2.22073832626428,1.14349608949122
"498",8.72720795569672,3.1989782680532,2.72865810816438,1.16758001704324,1.10540574573427,-0.999133826603246
"499",10.4988288390342,2.13249968504439,1.35881520532635,1.88305447309819,-0.662948510866967,0.949381851745094
"500",11.904228088965,3.54305265632108,-0.195764421890966,0.135334276535848,1.10862501343326,-0.316385028358083
