"","V1","x1","x2","x3","x4","x5"
"1",1.09103041188542,0.5215281251713,1.47789961323419,1.40072389301813,2.12562091445987,1.550057126847
"2",0.0133297127778085,1.82339409169735,-0.739449513638768,1.66714572206922,1.45301486641609,0.711427245911285
"3",7.65568908051101,0.105345671623185,-0.328175903639499,1.67506099730178,-0.122640235973778,1.3494352144872
"4",2.09725487344027,1.19658453530662,1.1605958159396,1.63182765125437,0.0747537272009198,0.449469940912532
"5",6.17122686987695,1.11961417162058,1.25722593381124,1.27647093856878,0.771589067167419,1.07557181392052
"6",0.674520164258469,1.2368109902688,1.56220096222596,2.61331327954383,1.70805168515345,-0.033929453563909
"7",3.20000927528936,1.07009869744635,0.795144381073048,0.0167004572268531,0.674001321761272,2.69091080088822
"8",3.86062971626876,0.913324584785217,2.63848750014623,-0.615882900698185,1.17539043014134,0.217297728886314
"9",0.354752677564611,0.230618016807661,1.40994902660396,2.16865364062649,1.28155261532899,1.39293690046863
"10",-0.958248345810149,0.934748393938631,2.51737873100148,1.109289847464,2.35263831792051,1.21184207963144
"11",0.73416565514446,1.12043002437855,0.183113182677494,1.89244587779829,1.35658610543767,0.590558143785654
"12",3.23571979704736,1.81858513736896,0.815322223065531,1.6116554866215,1.66719206566059,1.2279385565953
"13",0.578684999401794,0.965272388146354,-0.903936150782171,1.26015231589406,2.94439473436577,0.262235919271226
"14",-1.41254103614149,0.851001827170408,1.32794943537482,2.33062648130391,0.883328549911721,1.05696427022338
"15",4.56516701264576,1.86412706086628,-0.824939541475268,0.246969351364921,1.54756489042874,0.655865665567576
"16",-1.55727792481451,2.24696077318841,0.36385056166732,1.48027848252888,1.09417829794956,2.44006254867561
"17",0.740547603297768,0.663362177655175,-0.885790953118222,1.4593737736673,0.610343737486741,1.78344978600287
"18",2.66386696255289,0.925950980851614,0.118699573346983,2.24555445386305,-0.585093379600265,1.24446768519076
"19",2.15435860916735,1.50413833957639,0.836180070774187,1.31070390523702,0.702735763518877,1.1569628313893
"20",6.61806533685843,2.02964484456043,0.090781954350561,-0.818288447508542,0.247330353790219,1.14886955617285
"21",3.76778102975654,-0.49828872209992,0.25857422272695,0.0535317983155199,3.26474488327271,0.0158872565373159
"22",4.9343678760541,1.14057517868546,1.14551197829736,1.57836921435806,1.79868085225313,0.685791854779682
"23",1.63128786065411,-0.140315567159729,1.10187855646202,0.130252934254111,-0.534416633991531,1.40917108386589
"24",0.242930887692746,1.46161242424746,0.231712151647887,1.78736878060498,0.14135931003689,-0.268637469086534
"25",-2.61199040186121,0.855335178713112,0.59652150551169,0.811630081390941,0.689339076610685,0.600286619508584
"26",3.21075966124337,0.772202814269184,1.15697972296385,0.210000614391593,1.08655983289358,1.62056744786701
"27",3.99011008631584,0.428596449480947,1.28945988115306,2.47471276951546,1.75784374268068,1.69249977038552
"28",14.3688739547505,1.42767258908372,3.08966218346837,1.26369331004736,0.831118736419611,-0.641246796491334
"29",-0.249442875959851,0.118402126479916,1.93732885853543,0.612603635770632,0.308830486332181,1.84286494275226
"30",3.77329219902857,1.12810435142063,0.909408652150145,1.37582544214998,0.381850008030817,1.76020424973377
"31",3.24451076648432,0.578321916897199,-0.75729184483465,2.29495313693154,0.263660076276776,0.482148128044765
"32",-1.07780732743995,2.63399816309775,1.5027733466513,-0.600401564259186,2.1755213617867,1.64420648836461
"33",4.34392010324082,2.06533062161732,0.658161775857214,0.47468861121882,1.20304153812468,2.27535047065385
"34",3.51978125418094,1.88630244644801,1.10028883388975,0.149617527979477,1.12636140556813,0.594816003948567
"35",1.17018363701018,0.322654673875794,1.43641665499544,0.338097231931479,1.15579647332751,1.07483806835362
"36",4.50926670897621,0.390150968302306,0.646705483274401,1.70160087001465,3.09653988793679,-0.0262717956453891
"37",-0.580660857302135,1.15110432898777,0.864120416021528,1.21894743290673,1.23536898374755,1.60731651791277
"38",-4.50902862484621,0.038203169803236,2.67130576007197,1.26338768537938,-0.0772326290593224,1.57434143082171
"39",2.67908079866083,-0.420340424639145,0.960744982720233,1.18410845888712,2.25997890517352,3.21143019281484
"40",-0.372880468093725,0.937765140156629,1.89933846305816,2.0931357199586,2.15137118756048,1.92524994329636
"41",0.767890525190076,2.0601579009674,1.78641638256177,2.21282790390851,0.378223220298123,-0.0448843726104153
"42",5.12028278131034,-0.678929864365715,1.38628536212552,1.039725703278,1.06068811249335,0.172123499131072
"43",4.09908967057665,1.77461447492215,1.4236188491907,2.88740565542731,1.19409653714377,0.989075481730599
"44",1.58262650202713,-0.738602890753028,1.68260083802803,1.49205148280021,0.324639343507056,2.0277097176205
"45",1.52377176408577,2.64978741009295,1.04864422311874,0.601288884390442,2.31151155461662,-0.541859519754974
"46",2.17390126011429,0.16730755228968,0.263391813439007,-0.510655568408602,0.926494719947277,2.0811574462539
"47",1.3218681123596,0.202725046207673,0.883867031679602,0.0740846054132477,0.674797139832669,2.86999962519451
"48",1.94856097804681,3.36881741336138,0.756507249936616,1.52298023381863,1.0096862890756,1.1082683139393
"49",-3.74581053431393,0.545695655714184,-0.579948256272708,1.63322675947216,-0.0628363374563199,2.20494783251226
"50",2.68571341758878,2.90985968218432,2.55667989244191,2.02282341684338,1.60097384079733,3.23200039424384
"51",0.770282493974881,0.768076030191117,-0.226991957760764,1.76648889623545,1.85278102433509,-0.132580940177781
"52",0.872261389958856,1.6067607339219,1.99080804557433,3.01567578959495,1.37414620385016,1.4915846451095
"53",7.08739512591169,2.4492887102269,1.60551219863517,2.04511886863119,0.494162934026688,0.888047203242292
"54",3.55651498309071,0.187813361193906,0.994855880900838,2.32789932850108,0.851155746678167,2.08548346199855
"55",3.51820830037124,0.773077138838623,0.254775378728602,1.25742639264271,-1.90549089767922,2.02295779255242
"56",2.11855761353944,0.607978920334771,0.648037813588362,0.734600789943554,-0.457156994434829,0.664911920316124
"57",5.12161361059295,0.80217074759679,1.40187957166934,1.64122228135784,0.720227559396677,1.46977089964539
"58",4.76258589477505,-0.434805904157296,1.16352028140073,0.697580981426943,0.619636442092606,2.31635640497849
"59",-2.50380760319415,0.750454301947446,2.16505586333424,3.3542894844129,0.904619232245385,1.78789234408444
"60",7.17526082311021,0.161216356940931,0.322788360090596,1.9907390267553,1.12681049890454,1.70321641507352
"61",-0.00950298046162534,-0.512837836619385,1.84600460078062,1.07745062128191,0.313905673053982,0.914541263046389
"62",-0.423555010536938,0.927906271052849,0.835917743423621,0.660322733511722,0.900911776075283,2.56469807185324
"63",5.71098851263597,-0.327187801690676,0.4164350208277,-0.0319178206871693,1.68219346188906,1.95768387341379
"64",2.89303098895494,1.18758712192915,2.33259439771116,2.04020908408536,0.481678205198421,2.46385055223084
"65",4.46695623344698,1.86446802794782,-0.18788128244172,0.788064425157674,1.36266446121608,2.81774416525612
"66",4.63640525313958,0.174593933973013,0.156949522821777,2.26209883293166,1.32399152480255,0.089124833042869
"67",2.62711977840379,1.69287486997226,0.644592373355602,1.7617151144253,0.33314731661977,2.32917474192769
"68",4.62698929084558,1.3610851041276,0.664919633003304,0.415540128605438,-0.565940028607531,1.13246218790699
"69",9.15234618420287,3.83748598949537,1.16940067188203,1.44716235902549,1.46097591307595,0.790894656470881
"70",1.82604014714169,1.26544450296822,2.03726157640641,1.06764577197432,-0.244257867883351,1.73323332129996
"71",-5.16193239909161,0.704410648446556,2.25743227417609,0.239007412650998,-0.127976537612653,-0.468474142898283
"72",-3.40964448505551,3.20359751350613,0.836910763338739,-0.198451873632964,1.40750969128629,1.8145345747543
"73",2.3649269199793,0.6794683898346,0.464622483714481,1.7111956773273,0.96726399889115,0.801566631057645
"74",5.78960725404506,1.53632941011615,1.46404160030015,1.79963420528794,-0.0298919568540859,0.572774542895568
"75",12.5825576155368,1.1784600383346,2.83987993286078,1.51505866116848,1.1481452401872,0.877742184551668
"76",2.57386050297955,0.697180044373249,0.0849191934748813,1.88679666080554,1.36631281952765,-0.116065236489657
"77",3.36087730212368,1.31439267347456,1.57179162704434,1.48327772784397,1.46911497277996,0.54279989271914
"78",-0.538717835405075,-0.11231783351327,-0.440621671525791,-0.00507255783224148,0.0190709395282266,-0.348173510989503
"79",-0.743914972526178,0.640242672249455,-0.617151815919874,1.29625811868915,2.45236228427362,1.53975235357746
"80",1.98557649654795,-0.359988337242245,2.7313358068963,1.52115789519717,1.07774152629951,1.38997367867728
"81",1.60599807311104,1.12889190506784,1.72283595964536,0.393485742684637,-0.600701840879352,1.67426500014617
"82",6.20967046494477,0.733689279052459,0.060371457439124,0.289725823078612,0.311028068332955,0.0306522352311762
"83",3.51411706871647,-0.0382676850580055,0.187960399196213,1.85309022896147,0.686949435322008,0.288609800979913
"84",4.01353510207454,2.17749602472776,0.9630491468289,-0.622478012674809,0.946149842862871,-0.15917818824495
"85",0.319248824102187,1.48110783692577,2.10919364129466,0.789980163847292,1.06430639874823,1.97167601911983
"86",2.11999023474007,0.56591455493892,0.508700494208363,1.02287412904684,-0.080717890126601,1.03509685483121
"87",4.73068322342418,1.27764666826726,1.33631100832578,1.46389149907058,2.04942972436486,-0.0953767570217596
"88",1.7735289171027,0.267821206392456,2.22573989529416,-0.38792816903822,0.456959657148377,1.17086911446439
"89",-0.418579059406294,0.971104038986122,0.947873715087714,0.731677459790516,-0.178552430996825,0.680655049625579
"90",-0.350793817156428,0.356880030008247,1.01717726859628,0.933974666896029,1.04716107459727,1.3243362044098
"91",1.2822242977387,0.195457170463802,-1.42162506619658,-0.315789022918369,0.893656974809326,0.306793043900506
"92",1.21111597147404,0.199265811021876,1.54356770282689,2.21862408650056,0.930827172170558,0.567213224724716
"93",0.326595194274843,0.909195597676883,0.573574991912271,1.01046324666759,1.587852461027,2.30178639426749
"94",2.78548812995102,1.82185655359146,1.34620126291983,0.691745752442421,2.24629873768487,1.98897206608897
"95",-1.49777849433342,1.97597953260065,1.16322172279812,-1.35620988568178,1.05223405903457,2.47203798928268
"96",4.83205573224677,-0.786329211771605,1.22920959768871,1.43585301452783,0.926649345638042,0.0155956286448751
"97",2.78808401437301,0.724368991898585,3.0853659250454,2.68517177500879,-0.249298689246428,0.188359552945251
"98",0.644813562104509,2.40104560754885,1.0872636330618,-0.677223892090214,1.00152730812535,0.121363165492802
"99",2.38668365058715,1.78826541259087,0.856759486898483,1.06717799161934,-0.172506248456596,-0.864454260642413
"100",5.06000048924333,1.65179558339049,1.84238569064619,0.032523104361968,-0.410164461942246,1.95132304902948
"101",-0.280010596824516,0.984791138209463,0.442950989283513,2.46531860999431,1.87455276215852,0.976347777132476
"102",2.08135680220791,2.57407426168377,2.77730179045778,1.53733864332838,-0.571575144905912,0.278356593814284
"103",12.4079260573648,1.37000154099735,2.11326481497742,-0.756066497164071,1.46838932324023,1.18919802561731
"104",6.59941134866922,1.28073194790127,-0.40105173762874,0.574814982726871,1.83043347248631,2.37802284133239
"105",3.46171940584007,1.35906374385401,2.11197606463917,0.171170754693011,0.76991310691162,-1.68538992886958
"106",7.67221058853158,0.792130886098626,1.80176499291236,0.563365677583641,2.01778715135973,-0.727256079644553
"107",0.294894042129507,2.2680401889481,-0.707509533676728,2.01677377187709,1.6885121366957,2.3600919434884
"108",2.03360980525588,0.513182925615817,2.09706797372114,1.11303708348243,0.223356349081898,0.823915699481381
"109",5.7139523950461,1.79526951240022,2.10760253907426,1.24275710343978,1.26150523173683,0.292207825440514
"110",3.31936637285968,-0.583602936871519,-0.280098601201187,1.67266828409648,-0.0958710589788252,0.791807008157246
"111",-3.11672334726116,3.01755127754672,0.950627185657685,0.548877509680476,0.40411464786437,1.39940300226512
"112",5.97387573480394,-0.142366530897485,1.10198812174957,1.51303948676219,-0.481543337462357,1.99659677333053
"113",1.51882142095202,2.19085632153645,-0.196773541520633,2.07652420189704,2.15146765198668,1.53891839888739
"114",1.80258488349301,2.75748982149244,0.570648508858024,0.325969771976381,0.731233226226203,0.226884310867609
"115",3.64211073363293,-0.648294556242789,1.07197537983054,1.58055298510035,1.31461484092791,-0.276149282128374
"116",-1.04085663091916,1.52646308349674,1.77452549038006,0.646756282124561,1.2540681666201,1.46579579794553
"117",4.18017705748934,1.46316466351511,0.323098506398307,0.732322522419296,1.14886367397235,0.781522819845195
"118",7.67203790720813,0.468116228377958,1.64936759809722,2.38495959474131,2.2854345061814,3.29189183383324
"119",3.51296174105552,0.890676043249831,0.880830039369864,1.79794765564864,1.87595102476821,-0.0170488026189317
"120",-1.51292209337448,1.4930013093198,1.40438201553573,1.22035463829681,0.317769412164043,0.731582335819372
"121",1.83860054710509,-1.36305700379248,1.45973737592895,1.41989750611118,1.51672907515678,-0.298522562381858
"122",0.619378922126423,0.162111927532541,0.757118107800279,0.170753257290988,0.121980453904135,1.64601303430911
"123",4.51423850448584,0.0479959547277362,0.305422939364048,1.75874801308093,1.25772377784571,1.63902011517408
"124",1.43928687246158,0.761638687557172,0.35051840826391,0.0711331860147594,2.16864187481588,1.84871514784352
"125",0.852736284521086,0.932596073376415,1.15165721644396,1.04687939168358,1.00913217750399,0.509085091842825
"126",5.19453286028654,0.416171700788358,0.566267953091886,0.892965035831867,0.601768777848412,0.797512477955133
"127",8.07617662188021,1.26745344635302,0.780793350858601,0.976761084244119,1.49396091636806,1.10526852261728
"128",-2.76410441780352,1.00677329358932,1.07850217128603,0.1168081881136,0.144415140406015,3.27410392007053
"129",1.23453871855401,2.09276481843828,1.87592847107522,1.75101730054564,0.624384634190568,3.19534491577397
"130",-1.24737090032348,3.05885500856698,-0.577406695429487,1.45884774830018,-0.834561887389255,1.8245765161326
"131",-8.73971567072045,2.58298133113637,1.11060371906368,-0.0552112014941799,-0.498286243235632,1.18924325170223
"132",0.73772606428756,-0.203518000377005,0.952014853774712,1.04600662557879,1.4992131640497,0.411942792708072
"133",2.25215290258119,2.76473211390056,-0.52210039316169,1.63565709776389,0.395612242568768,2.37138743375409
"134",0.888614013405278,1.0813765122472,0.213728501767729,1.53935731100648,1.67952126429743,0.567691459848496
"135",-0.750022924280118,1.85928482462508,0.620772550906989,1.49382816607562,0.867275679026874,1.41661948432779
"136",2.22956298847275,2.08472579419526,-0.30099416274732,0.298517173751873,1.50252400555067,1.16258647446575
"137",5.4174062056502,-0.94902700016068,0.293857460532057,0.404655971799303,2.86605595584824,-0.0124039259789934
"138",7.34549396131361,1.80705458649061,0.17138540453331,0.2592159114164,1.69100917782729,2.82571698509182
"139",2.10052350876429,0.986478157425258,0.488491184343634,0.0258145151804949,2.1516369164381,2.18591353113032
"140",0.808441932864181,0.806263804625365,0.253341024760037,2.19057053374,2.32843089141813,-0.436337188346589
"141",12.3072847818978,0.102397884462701,1.61140726511219,0.844939886970665,1.43317010589801,1.90662530669646
"142",-0.353392531645317,1.00234022968743,1.43243276826689,2.59860597467114,1.52810202028121,0.598695372014254
"143",5.12728786552853,2.20532712618768,1.67851047873354,1.55068628784009,0.310167820173023,0.756592944702338
"144",-2.83298302659755,1.66214842175142,0.0622506214540615,0.933377136215166,-0.452229238765971,2.56566041970906
"145",1.84701553973551,0.0572570061336594,-0.454947745138602,0.472780097630984,1.99052690539582,-0.247626725402561
"146",10.7095832784121,3.31350093825663,1.66607932411228,0.394531540077012,-0.495799255673695,0.639219996988482
"147",0.565058505266789,0.958753643275987,0.429062176533368,1.33410306128178,-0.0573616305782405,0.356465861443026
"148",2.41140646744831,0.921125181519474,2.16062020506666,0.471135294342068,-0.0378484968620514,-0.562951849446857
"149",1.35748732658496,1.07585522785914,-1.62389165796001,0.915364258244715,3.17065263159162,2.08389489155699
"150",-0.569993497247104,1.07539051159769,0.947953695799556,1.70435271721219,0.230478253121726,1.52250013564454
"151",8.53025727120992,0.235794941733036,1.83272506933565,0.543459306836303,2.70897056927258,2.10990874022821
"152",1.50238953515811,0.0984994949520889,0.0959114562172078,0.298222877631421,0.452750265785036,2.66757875459614
"153",3.18393897811053,2.37135425818654,0.7206788744448,1.03942382983761,1.81366172086248,2.29264748502254
"154",-1.14145993088106,3.26323373036593,1.30391933649823,1.93168797727416,0.414985972937084,0.962345101007196
"155",1.37334616598164,-0.64951900838957,0.938278686123124,2.16953241349205,1.73439496227464,1.13627136766997
"156",8.90556104617541,0.558065029347476,1.72406497900388,1.13530870617098,1.06839089445085,3.04820247924236
"157",5.08953999946889,2.47624126013933,2.18371150510857,-0.280926912557188,0.780356919090451,0.797725527938523
"158",4.32912582433598,1.6623349257847,1.66300780670425,1.20576532480096,1.19793468489695,-0.252814158118075
"159",7.63937159579828,1.45811710424558,0.442238454718862,0.130304782843491,2.51628972211518,1.82886068862957
"160",7.03687679519527,1.40114939995227,1.13219793956,1.11425201967976,2.51714606649997,0.311670808224582
"161",4.01134023718267,1.38181869591295,0.552853753902138,0.951024448907882,1.21971189780283,0.570001743200273
"162",-0.548200575733356,2.28544995388084,1.19887651860539,1.17014635470832,1.02833855551272,0.322955062488784
"163",-6.6802393989702,-1.48140341601539,1.82955086878147,1.01370626344981,1.58622439045351,0.0490564611545752
"164",-4.05012155356368,0.430182649134994,-1.25699123009174,2.38826455775556,-1.85018229218972,1.86063810815462
"165",3.67383614356644,-0.149688117676682,1.37111029157092,2.3922311511818,1.07342376785281,-1.08731452996288
"166",3.15780807575177,0.342864433967906,1.94818655390204,2.99241157788881,0.253695096336312,-0.316644735206937
"167",3.84819552432011,0.0973704127338533,1.78374644479252,1.72055786061363,1.40137412279133,0.570639463084825
"168",1.65677609539911,0.486905967869076,-0.0239481617507704,1.44961113423405,-1.43908236198601,0.949847938341637
"169",4.49443619786856,0.443384834434815,1.06950656874395,-0.714741688068463,2.29178496839014,0.172004861204739
"170",6.55863695361685,3.42231878257258,0.824748201025725,-1.18208653837734,3.04530914893864,-0.199965968087194
"171",2.15889093805186,0.897381096211961,0.00233843540044421,1.6543927610453,0.262803762658271,0.188584942124219
"172",1.70654536272445,1.4566617648376,1.31280650907512,0.949852461831172,2.64173344502585,0.949487216551497
"173",3.34727544644508,1.63850035080779,0.0714172029575092,0.924214447078896,-0.110969899128142,0.945406740717905
"174",14.3267931481668,1.45594547977254,2.32986749837301,0.519683921962031,0.577319422929932,0.648886638403181
"175",1.8457273133652,-1.58766040069983,0.920161292685488,2.68553263227927,2.39162362133955,-0.0242081461150716
"176",-0.0847297387597292,2.6309536843262,-0.662862443283407,1.6057906693258,0.941234711430819,0.85644883294356
"177",-1.53385027472374,-0.111782354594251,0.669241182581055,2.85326680626012,0.231033197552814,-0.982157428780016
"178",2.62034081875424,-1.29151826380149,1.95956681146209,0.593844399065663,0.9519889108707,0.979772630375978
"179",2.54473280564914,0.799322232649856,0.4391626091408,-0.564818069204248,0.89395897290593,0.985782186950823
"180",0.984956548650731,-0.00889163683323613,1.70347853814764,2.11323379041344,0.27580042496938,-0.0883083964386784
"181",2.13244479660485,-0.613125642283272,1.28118130985151,1.48773592643462,0.160054298454969,2.65686753859968
"182",0.367172183756164,0.686685048255744,0.179679083695708,0.488533029473303,1.03826741098621,2.09968949550908
"183",-0.351770897800403,0.748834897816019,-0.715513724650428,0.999148681265085,0.248813198709514,1.45643307996679
"184",3.14433847779721,0.808454327554852,-0.112819198908295,0.594879442977188,1.15042205387428,3.45981927372919
"185",-0.540839524095048,-0.182718717129719,0.43738999368579,0.584364749888953,0.890724159322113,1.26960378355943
"186",5.9648790039924,1.17135608563433,1.57365794525656,2.74960850609185,1.14280238220162,0.568821152038964
"187",-3.76096998976554,1.0969356732791,4.04517318563732,1.18404580769559,0.626525150785175,1.3526912417796
"188",2.85707885705803,0.0463498524140472,0.760331373792982,2.98290351208088,1.05291603708203,-0.293469946852685
"189",2.88537872317271,2.05092750496256,0.749848746957508,1.53945484199524,1.0860457337158,1.32670509532113
"190",-0.157335378145596,0.567001045756316,0.513450701836235,0.641109652000688,1.23082263778001,1.3049625631513
"191",0.930148891160352,0.661450009770058,0.259212858103141,1.82412515698473,1.35803364305471,-0.224719890523565
"192",2.97600650635984,2.0483015673357,1.50781867174835,1.97516813720687,1.36232269049703,0.920309069339222
"193",0.49131992452629,2.15310096461569,0.882285554336371,0.0605230442259906,0.656718473731305,0.686440638213214
"194",4.19054154385972,1.12164263533351,2.32256662669768,0.223131961757928,1.97497171914244,-0.54162901402966
"195",-0.150609936726533,1.51853604999853,-0.20827838640776,1.56385505323891,3.21173777132192,1.50904859794482
"196",1.2163095381206,0.533529403891245,0.947097186801129,-1.08636952350072,1.53905465423392,1.44033084464081
"197",-1.50182762647422,1.65437989551429,0.885992438854598,2.3031236080117,2.40551621221819,1.97481966022828
"198",1.56767123561785,1.10311659981656,0.152188091605452,0.87573157747382,0.379200420426519,0.756567235453443
"199",1.69699391370377,2.17443682713139,2.70575931205194,0.241844492880981,0.970569108989261,0.153033192454517
"200",-4.74942390176967,2.6166173089435,0.961667460242517,0.27590910231422,1.98093637986426,0.345324059868099
"201",2.86407309639307,1.43346691864744,0.239232815472031,0.659962189586221,2.07638922768268,2.86857424778898
"202",2.76939251854683,0.931412269517876,0.982151712091987,-0.311986326413946,0.949317727407861,-0.496770210356932
"203",-1.67529046668181,-1.97522297037597,0.170062422762838,0.419956392689537,1.18349139495202,1.92947474322706
"204",7.72523261057657,0.864280394230234,2.29319844369553,-0.842398015369454,1.8454024817615,1.41676724340918
"205",-1.26498819944675,1.5977410338923,-0.261693013444301,3.14000650188324,2.28471553452874,0.121899245120135
"206",4.34824619382212,2.11942870680621,0.519408341991834,1.85483080699066,1.41866328687311,0.623915446923849
"207",2.60276668302738,0.290374455315977,-0.774317777588494,0.898648836285743,1.33593861944814,1.13231796255012
"208",-0.673023951120217,0.598343512335045,1.16889087561372,0.650349487091723,0.658713758928983,1.04260565134322
"209",0.27141509573206,-0.00534887054022337,0.537934625575069,0.871232834357383,2.62615130178501,-0.0534252636061896
"210",2.7011565540494,-0.00119737391345454,1.26630847451657,1.21771378519775,1.04960564341648,-0.540024211006697
"211",-2.4044237376547,-0.0542938338508911,0.456858439840679,-0.0716932716928698,1.4050314084573,2.49860144689353
"212",-1.83311116530959,-0.0103214172525612,-0.364695209455972,0.146747823353199,2.04324286174601,1.42851704874831
"213",6.94264709752236,0.98335094635249,1.57785016904856,0.461958844918722,0.949548658532373,0.896436091757302
"214",0.843321822922401,0.75570459345324,0.535143069102824,1.94094102502079,0.200215814392589,0.841789343618192
"215",-0.214669104043488,1.1413612565322,0.81805599976832,-0.243989687598626,0.110071073225497,-1.07331082723545
"216",0.969940655843212,0.766005818937322,1.14520896686047,0.383251729515575,1.12326980010746,2.57459058342102
"217",1.63246398774617,0.687135870756756,0.589678394714794,0.174563321666487,0.810194659287371,0.252867065041263
"218",5.43657034886946,2.66542030105301,0.507610726763537,0.112398669617061,0.628562510041615,2.35206955552952
"219",2.06146434214722,2.28429828618348,1.60959844491048,1.65117125634751,1.5859222890364,2.05122963500524
"220",4.00026114535697,1.52956363627644,0.117678740982675,1.88549826078175,1.70869536228411,1.90304914917992
"221",2.07107418144264,0.409036249921729,0.570099194573726,0.43809628588041,0.117429251933181,0.0779353795490498
"222",5.10930297295823,-0.89722803199041,1.39374433066312,0.607990240702888,-0.628795890780442,0.560935106052965
"223",2.60795281244465,1.95579305998201,0.924454669315853,1.61282944351086,-1.55485220578978,1.3452281721438
"224",4.21336874975838,2.41026311213064,0.419014938865199,0.956894963777885,2.63216019375446,1.62579377957035
"225",9.85586049231528,1.33173637976992,1.11010056163367,-0.078600718282507,0.181575493178874,0.117547934806932
"226",-0.551340945331911,1.53632592726331,2.26032768409915,2.45125931470509,-0.849067606412276,-0.043926077873784
"227",11.9654669247165,3.27347096956557,3.2577038445864,1.92569579995426,0.911590076583136,1.54326536322692
"228",-0.607918389338442,0.741613753937786,1.1647934927831,2.96508518190223,1.03482853840982,0.893897029564028
"229",-0.017756617105892,1.55319179081831,-0.963138602274712,-0.590103178080486,2.59412772049478,1.32268515757567
"230",3.09177028986084,0.0613185594159211,0.981242373194766,0.504249739055844,1.6163300955734,1.75821271338006
"231",0.398810439729363,0.993097863691156,-0.598958172628765,0.429105210683759,-0.111393108390606,0.378324093864443
"232",-0.672706681009778,3.6915845823039,0.518284898474178,1.83107830691631,-0.472292570385363,0.676739192726879
"233",4.72539882579092,1.90779633626942,2.06361280978347,1.64268950016616,1.3171769722475,-0.20656487289892
"234",0.856983252020087,0.538400562995281,0.432554849483914,1.60378911505127,1.34418140280292,2.91673945963481
"235",1.07188717481553,2.44108514527154,0.312310713260555,0.0413849642373399,1.3372887492931,0.396246169856188
"236",2.48106236282535,1.28278081017403,0.825649773796517,2.76743445221994,1.21028107477468,2.30700044549026
"237",-0.850401307937064,0.701549585147045,1.27282219179754,1.52036407860378,0.866566382980645,2.31012344060731
"238",3.69033772039148,2.28968307261713,1.77134844649836,0.742374495121839,1.87703451869138,0.843623832321765
"239",0.338055293407935,0.704196973736086,1.01190952128178,-0.411646079688754,1.1307140561938,1.03058088070199
"240",1.03789940261147,1.19046347055829,-0.128027143141213,1.32699570366346,2.56878902058977,-0.774513826697905
"241",2.49919621842694,0.951095448234965,1.6870960900346,2.17049682748414,1.3017024791676,0.455039787815953
"242",4.3220855872777,-0.79661030280919,0.66771408730726,0.506518099122178,1.16086987292123,1.96579959467053
"243",0.443844629582711,0.894124455069026,2.72740910611251,1.16177519397234,1.04048059364858,2.52380921556856
"244",0.291284249205767,-0.500530332089336,0.924056076378478,0.917413156786222,0.683819738883163,0.275371567307709
"245",2.02471352073061,2.36781721866407,3.02468036468339,-0.0921344200195329,1.14180331954597,0.425396703349504
"246",0.802491316107679,2.05387307869162,2.53771657172786,0.216141213635535,1.51890866493907,0.336855276258497
"247",-6.21233985483444,-0.0717184797934267,0.268082380473785,3.13631840820483,2.0131234818299,1.40578433287875
"248",1.31012473761985,1.07486777734369,2.81916065880675,1.33640601029568,-0.0509874374412338,-0.0752177339242566
"249",6.49331971736195,0.0721143846793589,-0.14402247793285,-1.08115301363636,1.75703274616887,2.37771355429556
"250",2.80948051930159,0.0485046538729927,2.73325443242595,2.14487847088163,1.07584945204825,-0.524694206866846
"251",6.29622262981072,0.467103639480437,1.11138658597813,0.362385503268176,1.71344423478502,1.23262453785496
"252",9.10661829471724,1.31750058533899,0.595318332403059,1.01557267328727,0.325951054997827,2.13335206236571
"253",4.40985164651688,0.342566448593807,-0.159625058145739,-0.370698438484649,1.12446100093259,0.731173971883026
"254",1.85915836763871,0.665016392999799,0.46463789364307,0.729387327397914,0.983569545180428,-0.778929000528867
"255",4.56282209182656,1.50409725736706,0.809458489362143,1.58369763760427,1.92663429681575,2.91954060350101
"256",-1.15484719039916,2.01919235096639,2.04355611567077,1.56863175582055,0.979933697630983,0.398538759467761
"257",2.29896115773907,2.22637511320123,1.6766651782377,1.16975334774733,1.3544756520511,-0.0721650639994993
"258",-0.915796795565114,2.81390192245408,1.7391862779991,0.24727136642457,2.14440614134931,0.685536844308343
"259",3.55813427415994,0.727271857761725,0.123799365835491,0.883377440567478,2.17861781755873,0.61447839462135
"260",9.19531612225676,1.81728587491571,1.71123736642365,0.253259072045636,1.94206704326681,-0.572604475345216
"261",8.43498049933926,-1.20052579045318,2.89088153747752,1.67386017866545,2.3829851727042,1.6553420420939
"262",-4.02286209049815,2.61763071924552,0.196253663742614,2.25375267993733,-0.554210734646376,-0.645201326590075
"263",-1.30541664933502,-0.631497425496969,0.565894907643793,0.31030828012187,2.11256459926883,0.738763181705943
"264",5.11749334256889,0.140383407218331,1.371662087139,1.35334818852894,0.376110609946014,0.825082743820655
"265",3.16316637887914,1.81636467471438,1.31324913253938,0.512063977178055,1.04895768425032,1.64513599889113
"266",4.84393115779856,-0.539536124999224,1.06100838549115,1.42146541930947,0.504900766816838,1.18234011898039
"267",-2.55328956732559,4.63434632419674,0.915463368727499,2.50530794737095,0.819493211968734,0.512290630793558
"268",6.69556738093736,2.02408787182393,1.14225003277331,1.41515641892683,0.132631563699372,0.731741325812457
"269",1.65763514940965,0.806461328996784,0.332139604719157,-1.78253735138474,2.49722869568211,-0.748315698338458
"270",-2.30702972201655,2.0046394349276,1.39192118917247,0.176069856455345,0.478943052185879,0.265226256489186
"271",5.55793157025038,1.63328578645053,2.27766732646478,1.99143756547019,1.50364396888729,2.25031034474361
"272",3.14542133172049,0.860280650267949,0.322621472236787,3.00118377546518,1.19960802495294,-0.605712943609184
"273",6.45698080436695,0.757752157564404,0.585290839350914,2.0734801128626,0.314465696848461,1.22431968615278
"274",1.64443934239003,1.76193447401251,3.55659064885732,1.96488074676717,0.585013276740528,1.36301984073234
"275",0.440600033712446,0.254832616264134,0.0287712758428148,0.999473080936619,0.554004332332648,2.05851447917475
"276",3.94539382561727,-0.90142339127044,-0.152071709987293,1.90472595980333,2.01632109083555,0.863085795030803
"277",-8.38528159683101,0.244015870848504,2.54681793416523,-1.1843918787844,0.480150625492089,1.56677742811803
"278",6.43972794767351,0.704285584883822,1.50634087540455,3.162600046787,1.29217541569815,2.86396995647833
"279",-0.50385067175111,-0.962302252238083,2.3017322236217,1.92697237623082,0.313530725607052,1.46381684128681
"280",3.57210056109823,-1.13160489297101,0.0714350448281653,2.23452930945149,0.511210366228817,1.56922779600173
"281",2.80291457477361,2.3141136280675,1.54296221953547,1.39088751500587,0.889615883909172,0.758151991703328
"282",0.270560798304566,0.0509448868612511,0.484734148691655,2.20309405246282,3.34925196002438,-0.19225544703503
"283",1.29607840401364,1.2061115705065,1.21481911871682,1.94793835372873,1.39415981596512,0.501167083056456
"284",4.13245240312212,-0.219229997698928,1.39298180850343,0.362813483734441,0.601943398002233,1.20072444931082
"285",-9.87433798456479,-0.442937828275636,1.59872883594877,-1.21074163873497,1.36818002117618,0.447743461876687
"286",2.38638576897404,1.39171108532379,0.0545733605943884,0.919202912982561,1.9608970853417,1.52202802506937
"287",5.79263552086089,0.90450605027861,2.6650138223337,1.66522366594553,1.03484545663667,1.77597661381186
"288",2.83367422130993,0.631515813762479,1.34260144290438,1.05719448376749,2.19483135019808,0.525509602176629
"289",5.59421091157743,2.43868194309005,0.808777864482983,0.627597067315908,1.44031937118487,-1.05064470352754
"290",-2.44310553808938,1.46715152286874,1.2100375153313,1.30178074532892,0.131448518604751,0.188428912958194
"291",1.55748128721478,-0.528430658468846,1.47493053785579,1.50641396514734,0.0143606449560111,1.63123332832342
"292",2.1075722406648,2.48122151937575,1.62992743741277,2.64499992726945,1.28832748588799,0.488170843680704
"293",0.20233920286033,1.30319766622514,0.998375571677463,0.410121528943213,1.34593653247129,1.69190997473159
"294",3.47137787070225,-0.770710125413959,-0.191169346927428,1.39930020905189,1.31813462981804,1.41570317738477
"295",1.75051441165743,2.56313143823861,0.375530441332657,0.986051751898964,-0.0746518076815961,-0.143608363240371
"296",3.03952661692153,1.94054374677305,1.5422701846344,-0.0518307837595364,1.03543458258929,0.0810899216397531
"297",2.5048052542057,1.2428556076954,0.679473535696414,1.65171557886663,0.320518796957839,0.602914497748404
"298",2.59744307779989,0.94148876307299,0.9275115994144,1.75097446357782,0.781285825612773,-0.223435739047459
"299",3.67425767874355,1.96916596957403,-0.36878421534356,0.133586018443033,2.28011424098403,2.16591731012395
"300",11.0970348066058,0.465438813665074,3.50344940902131,0.30607232343496,1.66612353761966,2.45627420900799
"301",-10.0029769092812,1.1085796685603,1.597995978861,-1.64321609956878,1.4434591873163,0.326391033511923
"302",-4.64414075070006,0.795606265873458,0.452391810893927,1.12696810187639,0.281359288032254,0.0671226931075422
"303",1.86557878302001,1.20205296313867,0.768204931181579,1.72631656037269,2.13630410809897,2.84299796962221
"304",-3.22710788198725,0.495071142584342,2.84602432602339,1.62819142308699,0.508828886251158,4.1272545039619
"305",4.7368180188198,1.05501187515375,-0.0247298505546942,-0.256633514500959,0.221280828049418,0.51806290179915
"306",-1.48451950399653,1.12444540701827,0.330467731444595,0.983685102845619,2.88342321275313,2.23642117027266
"307",4.39801342826644,0.806483173278314,0.233328864726561,1.29475285689208,-1.03967180204868,0.883391226713401
"308",0.491603098851304,-0.844941192609548,-0.00174027299334956,0.740347498111084,0.861054088459912,0.70672699572119
"309",0.299481868621624,-1.83154407488233,-0.117228703926162,0.479911262300918,1.64884408986502,0.584426968172684
"310",-4.17071439457795,1.63608786226529,2.12941081455834,-1.04686145073809,0.941915434878644,2.94658320326841
"311",-7.04977138640161,1.02968234551076,1.73871876370522,0.159444867129491,2.05065333429981,0.757612627235359
"312",2.71127507732258,0.785548301082916,0.760077740271948,1.56462492728015,1.85826349748344,0.944981583511756
"313",-1.87123486902498,0.358404748991419,1.01579792199722,1.15291752486261,0.220198813261041,-0.354155342856122
"314",8.34604467222798,3.11434295684333,2.64527857375838,-0.656107313312985,1.87950617037406,1.46375483806611
"315",6.62434247645525,3.03675454724605,-0.304135978089932,1.08110314363223,1.39406840277056,0.614640307462415
"316",-0.0170789386367516,2.17502481040767,1.65998125759407,-0.327645358537846,1.32432052298142,-0.600976468812847
"317",2.99180892280358,3.20298394072986,1.41016212054996,-0.287779958356813,1.7220456287272,2.38487956522926
"318",3.85757371547709,2.28144397740136,0.686699511412477,-0.723876557890928,1.40414545973883,2.17577279407142
"319",4.17159693900788,0.111092578636461,2.79824840753275,1.18369939864595,2.55856952106265,2.05626452258569
"320",1.41445664763305,-0.146934604017871,2.03169958407751,0.987647650217232,1.46773565570899,1.96381033842918
"321",1.27500730336314,0.486925760682445,2.3778308560081,-0.56159149155912,0.358229242534275,1.43062970517997
"322",6.19238901623618,-1.08464765539412,0.357713682252135,2.0484611411404,3.4316541866588,0.295028277292612
"323",6.64150129685818,1.975101267464,2.68608016844521,2.12158083376482,1.80236407201348,0.964186256293754
"324",4.46318785311798,0.827758436547834,2.07914797160471,1.15863379139546,-0.304403599481749,1.21239909614124
"325",3.48177130381118,0.282094488279865,1.84557915967255,1.70200355645773,0.400497519278558,1.73783505805969
"326",1.90470240430223,1.55826529217326,0.763959710047022,-1.16052320918598,1.22737524970578,1.02071704623033
"327",4.96000306945256,-0.0300417320725235,1.95354495570149,0.837393272093002,1.71094071613862,1.34343387221721
"328",1.48367922819458,-1.07904855425403,1.25318511247562,1.94350513642976,1.31052927690312,2.00358860790329
"329",-2.43506654685044,0.166012203925914,1.51310052559384,0.999278772069677,0.657660089809544,0.744990850674906
"330",1.63557870159549,1.22014959853807,1.84706124677599,3.53796262412869,0.325257895729977,0.477620691852827
"331",4.02451305766962,1.12164185677301,1.42558922635397,0.0898714092779335,0.997026071475531,1.68374100928767
"332",3.9900865324859,3.17958975198492,1.11244891672754,0.445515764469983,2.24980327945196,2.19092856067093
"333",5.35526413584166,-0.000882998564569748,1.017236500381,0.722608798225642,0.544525836699157,1.99713278502583
"334",-3.8594957984759,1.4180187493897,0.198497753007888,0.53708411014174,1.23669777155418,-0.838908680523704
"335",6.89267577270038,-0.0253480792827723,2.52664972818455,1.08582791375819,1.26207113906086,0.935819924321375
"336",4.82667600683825,-0.147510177422293,2.5448977762087,1.97209651945189,0.291335096814997,-0.699018925845593
"337",1.27679307196403,1.29622544353486,0.973958916577282,1.90035184710252,1.64422767802562,1.27129474886199
"338",-2.79313673621789,-1.22599860333101,1.51122454912981,-2.20178810019064,3.73648032828147,-0.629411291326176
"339",9.7400117194295,-0.156125640808687,2.05317476945134,1.60915985521103,1.70959457702984,0.498697331124177
"340",0.737969265692233,1.4140259912542,0.536890907630623,0.643283912405338,1.41573487655892,2.12848010137134
"341",2.40486175280661,-0.696235244079235,2.48266258550795,-1.00367004143035,1.50939935344606,1.3137325458788
"342",9.57717067011709,-0.187475977097215,3.04990316180791,0.74485771783172,-0.234723500071438,2.30555505252088
"343",-2.32789964320099,2.49664315244684,0.707216405163845,-0.254055578486234,0.523408628040034,0.357184707080709
"344",-3.3557941001864,0.00773557463486452,1.18280262467747,1.45234214055508,0.174080015696973,0.121234063004218
"345",8.86016515907818,0.120430282476499,2.62881142322187,-1.36005148330288,1.43999197470475,0.559543932526026
"346",-3.55781991676903,0.336485505052616,1.3466027690738,3.06728773496634,-0.796429473015254,2.07583407389474
"347",1.95042420221413,0.0214528999381739,0.361845441043724,0.146358699876966,0.500176315481561,0.88535738912778
"348",4.48021770914037,2.48193775053949,2.76641558891852,0.0458933264333287,-0.39189614335645,0.169137853403569
"349",0.844314102477067,0.275939322772598,-0.946294530030122,1.57207550951437,1.66266261502918,1.58988472409401
"350",5.79582983390179,2.40161915464537,1.43012827608903,2.26910783117962,1.60275316738894,2.37367129432773
"351",-2.90375093565322,-0.320100097053968,1.87650732492951,2.55272805232221,0.509316880673739,1.33625460663771
"352",5.20868422762441,0.747556679298623,2.52124946109297,1.71058265588621,0.166832416093123,0.17988068807034
"353",3.77022884887979,1.22328106110767,0.729347279512688,3.41712708813203,0.781959664279685,1.63117890363612
"354",0.509585826581543,1.45312751690573,1.25336094379527,0.170763831215657,1.41690582711537,2.35173272709646
"355",-0.185291646125276,0.109121599137892,0.987495717501637,0.955751446554582,0.172330296148822,-0.731941686053257
"356",-0.518789232263151,0.214107685472293,-0.150833185806205,2.23591991556055,0.31567863198443,1.84858105398856
"357",0.479259416106059,1.17933245436655,0.783105884158527,0.53560277216569,1.71987766059354,-0.369668360054834
"358",-4.86287556904737,1.47145214909008,2.85149179393476,0.172259313509476,2.12571416997601,2.05158114983262
"359",4.20826830309113,2.97618135560884,1.26993479835059,0.763570173507591,1.42842321879126,2.25848659912599
"360",0.131161925679858,1.20948053772426,0.819608683205388,1.99493513627524,0.589082247993129,1.09096953909097
"361",1.36458024952112,1.6974860436835,1.50071907471615,2.36223554851427,0.846016195458627,1.72345443549859
"362",-2.91546013121699,-0.289329176076192,0.284842075761797,1.57471971886757,1.94226541617984,2.51391192149017
"363",6.05402058355461,1.70841603412179,-0.271132263993031,1.00826701279566,-0.0729437132103545,1.45637493418038
"364",-6.74494811784142,-0.776406842040612,1.49395179992567,1.60706129750374,0.677376209006301,1.38854638515773
"365",10.5863357143302,0.275164835370326,1.68390722669944,1.10744471599846,0.82344294335415,1.26452478277606
"366",2.58964833379705,-0.001473867558478,-0.0582360625320364,2.36401601956735,0.918954832828507,1.1072428113535
"367",0.357269937668141,1.83173020545215,-1.14572498153909,1.59330311189069,-1.98840963853668,0.629123169458659
"368",3.00020531671273,1.53597766009333,-2.67253265031258,1.58777166162133,0.399135420594983,0.931891876237362
"369",1.93498093778907,1.97096569841873,1.0468805400197,1.86258256401747,0.839171963461634,1.24764030353309
"370",5.45604507655207,1.61871706189636,1.25354108671593,1.98525708470678,0.315556910947022,1.68757617717988
"371",-2.26363663979064,1.95816277177088,0.937380044892819,-0.188988931379603,-0.0408450865103833,0.861437484128504
"372",-0.509715944618224,1.37606002986319,0.671610296864416,2.15065218488045,-0.359707750509696,1.08846428690817
"373",9.23446066960792,2.21699755958126,2.4921894550388,-0.462639646084192,0.25812800558699,2.89686255867237
"374",-0.437678201292099,1.73581488895774,1.46123807659483,-0.383228026388159,0.857990659583003,-0.249581777790123
"375",3.97453812216727,0.721283286961275,1.17100676408851,0.547761207253284,1.45745862814409,-0.140748545689024
"376",2.98328610182341,1.4294093170189,0.651681532573245,0.565327205782329,0.432824272582662,0.625416323654506
"377",1.21129526626159,0.456010313353398,0.654744181693739,1.35165195857244,0.873619517860301,1.24915879388448
"378",7.36839951644705,0.672752306148365,0.937350159224188,0.128014537395753,-0.796489349609307,1.2322861207665
"379",3.40386113946468,0.666183200086064,1.70255771824788,1.79361224734595,1.72627762133199,0.362957328538248
"380",5.09671806520725,0.989644712046704,1.81806683547201,0.436619810171092,0.181127112511876,1.86447694810062
"381",-2.47159562233183,1.31578225036812,0.417932213755329,-0.209764793472335,-0.728757502615972,2.36661061163708
"382",2.71157573345507,1.82321149155669,1.73848676178623,0.600030633952921,0.0573500637130118,1.61323241795949
"383",5.2778264214859,0.693359916220381,0.669870515127623,0.111885633082796,1.6229196680356,-0.459128959595191
"384",-1.43695770925727,0.222849816463537,-0.339608184852325,0.993528486683233,-0.105060972828513,0.302922872885535
"385",1.95341389836009,2.31572499371664,0.736485667427841,3.31414218827626,0.647438915764541,-0.865268169651003
"386",-0.12060528834246,0.120043360570454,-0.174911389031445,0.794598747492427,-0.486282265499517,0.743599371010596
"387",2.55975664022157,0.763733783897946,1.36879429006567,0.551223967942168,0.34493763741433,3.05348125033223
"388",0.0267313367147173,3.48917475694756,1.52358402326725,0.546394966589067,0.643491930409813,-0.0341618833758002
"389",-0.0657171590117764,0.508144781395677,1.69800901562955,2.95091196896132,0.559758522389448,0.134274535185347
"390",1.9996090799357,0.997756051888634,0.406832054989116,0.465286062045328,1.58079710259493,0.165250748051785
"391",-2.46907712429765,0.418568897326129,2.30224008399685,1.49054653008989,0.124888157929238,-0.352435063917909
"392",4.36351540562697,-0.684659863656227,1.00440902986818,0.703968973625745,2.00100314241024,1.51970749535008
"393",3.86442476139468,-1.0435804967798,-0.636051874525824,1.40079413147352,3.39505991854729,0.993246196621625
"394",-2.36604413677616,0.386456861007029,-0.490557530174122,0.323351467598223,1.41895004703867,-0.365352318628616
"395",2.68548575754209,0.92333732466611,0.0594634560139331,0.0291319313817486,1.36381758206295,0.256345475050859
"396",3.37505204970578,-0.780280577739089,1.90743871113191,0.859618624965664,0.448514923354994,0.968421970514401
"397",4.60855340357146,1.29502046052177,0.466129547395819,0.0524161740519213,0.201823311835802,-0.0384192230136471
"398",2.89063971140921,-1.82454722413888,1.44058549643445,-1.14261426964842,0.154501702597073,2.43129258562433
"399",-6.44435919018904,1.21293688613733,0.160634581617787,-0.541225660890305,-0.700792944055146,0.766443175660346
"400",1.33528416901167,2.3823797438188,0.723494971611629,-0.270855860109736,0.00242094190093123,-0.0932211669181091
"401",-4.9733089958587,1.01185485845732,1.10493395378458,0.10628976851895,0.362000090451276,0.262176781775172
"402",3.84328211855789,1.62544256776074,1.23714188107869,1.17722533594885,1.41064550678271,0.119473160161218
"403",-1.5117576245367,0.766662068267115,0.17028347090604,1.88158366787918,1.0978631251225,3.1388325592385
"404",0.975969803941021,0.479206127107196,0.417920486760587,0.0272165081097635,0.104366144024005,1.63163342547691
"405",1.36216949955688,1.9465205433945,1.25817978984454,0.91334419178665,0.032029996920152,2.71881268460066
"406",3.13433831342333,1.35219189562548,0.496923849994203,1.44812118650162,0.780569028007094,0.237855996196897
"407",8.61997819291284,1.00246199246697,1.69583635943457,2.26523383153844,2.26662230610007,4.2635040567066
"408",4.72001797548024,-0.422778513669195,1.55638925192461,2.00820522831813,1.65792516256225,1.31533956514372
"409",3.71389702681577,-0.16224448520746,-1.13995605235084,1.17297642352183,2.82844196418345,2.04176171943159
"410",-2.76476977484518,-0.670236202820546,2.23561953720601,2.70832002878147,1.37214336980875,2.12992489640118
"411",8.34130941874238,2.59709371549112,0.809856566023488,1.36450771786738,1.15832380990735,1.98322719315113
"412",-1.18021019910527,2.73724588469953,1.91327809547901,0.76627492173506,1.30481334453699,1.96331393205737
"413",-2.36376498737268,-0.37046411841972,0.61026550064957,0.820900374385134,1.70360188077299,-0.271369922863305
"414",1.69826554243959,2.23304120969952,1.17113518654575,2.1576412865661,0.830295187057726,2.46788898780418
"415",2.14158964855425,2.76480704243978,-1.77928906931943,1.40568803840315,1.56136041789328,0.459245614589734
"416",1.91886241833958,-0.74393296544166,0.223258459711199,2.80275623326024,-0.104329221988401,1.85146661540834
"417",-1.76588714448656,0.644449742192178,1.53854623605932,2.05334748675619,-0.109988419059466,1.5589694246755
"418",6.79116484827888,0.978847270891287,1.14276565418311,0.580430387653811,1.63684962773605,1.29086317620738
"419",2.89228834313491,1.84281833561168,1.30487785945686,1.80810486275581,-0.240776611303529,0.601985892958471
"420",-1.35236757045526,1.60856194342007,0.641077762169108,0.704542747288521,2.27434901564715,2.70678664608166
"421",7.93438105802653,0.554455078972415,2.5949203468866,0.501102638504631,0.978114559827734,1.10870686962259
"422",-0.0201310021718714,-0.268536100484741,0.908709156669132,0.429341244326262,-1.64497056946502,0.104815513180434
"423",3.44594138711379,0.671407750413474,0.406868467354345,1.15585216538051,1.49769367934415,2.05561840559987
"424",-0.293368117333033,1.12957669335813,1.30916095686263,0.157509314425951,0.387063640118708,0.256993645539596
"425",-0.316571691853499,0.844633944116056,-0.55330133780731,2.02096791953521,0.615539679115878,0.0651967724372683
"426",-2.09371377970877,-0.188896441199437,0.890312791736784,1.88769140390539,0.953127478858593,0.303007402954223
"427",4.04457525665072,2.82436942726527,0.518526806135783,-1.43166167294974,0.451934287020652,0.692613691831431
"428",1.28995505021904,3.66487100444856,1.07233369035099,0.209365016392627,0.900634010660025,1.42633490012561
"429",6.69016749388046,0.84965333983119,0.636343738926771,1.00209890493216,2.255629707276,0.00140361853734328
"430",1.85453192337941,1.05971189231995,1.28155969589396,1.35581544645369,2.09715603483192,0.906352465356872
"431",-2.60116980255827,-1.09357882669303,1.47029662165763,1.68788315260434,-0.280856594350307,0.505743000245418
"432",3.0463216945387,0.0570190716833878,1.56120683911118,3.3813748513515,0.845381099479841,0.217809108768649
"433",3.53211903621584,0.660355118155374,0.649832527348881,1.40985457980033,2.19643405869455,0.562847285664428
"434",5.7452647099358,2.87171519579833,2.11217576548635,2.39368487101399,1.10964207231024,1.15227710586418
"435",0.934306797758774,2.31063647540164,0.0824869053964308,1.73139679966799,0.699735040259884,-0.378918467292096
"436",-0.857847022999793,-0.580946346783316,0.792683156611829,1.43117506729217,0.858715691914893,-0.308125076448995
"437",-3.28384599378249,1.8033693038193,0.76047352412811,0.69526514100438,-0.180709209914429,0.5567725798567
"438",1.7077161363119,0.802608546622174,1.80803214246732,1.43766493147586,0.978192822785952,1.3453583098886
"439",-0.474139502473858,0.158401555905435,1.36368834521131,0.98635851152482,0.431028125437455,0.465612130328587
"440",-5.70684469935061,0.824672541729716,-0.720425440225279,-0.159589368946517,1.11143323739226,0.272966781335406
"441",5.62711105159663,-0.244937799546352,-0.209050045016604,0.47622985836427,1.27079818617813,1.21753091106582
"442",6.04544063573033,2.17521918539415,1.37488916068664,0.632569735134835,-1.1471007080087,0.0501103342436451
"443",6.5739744772654,-0.480764062841986,1.8131908210306,1.17241880039407,2.20739906773583,1.05191506870838
"444",6.08324533148252,2.21706330186321,0.316858287992191,0.718853262447894,1.59359306513951,0.245918755167254
"445",-3.57564124765808,0.395925994611895,0.709522787543478,2.53494650725617,-0.389714338381007,0.273590050193218
"446",0.399901214155742,-0.25620735655263,-0.00417243033141124,2.08471765676408,0.196942923889675,0.205977310360315
"447",2.79576592015243,1.21349908394085,0.459199408071877,0.915060266380061,0.344558944319966,2.56631582107622
"448",3.25709234273676,0.536527596878071,0.663605121714967,0.805352073430621,-0.116090696806114,2.75380707501852
"449",2.27656258989248,-0.0741450414440239,0.940637259227813,0.912647446542528,2.04096332622716,0.748144436671396
"450",-0.0484549440047615,1.08015451471501,0.423225433434064,2.57458019895359,-0.103330645604978,2.21662671297689
"451",-0.86566771048943,-0.140350428706186,0.104181045585387,-0.00436471738386612,1.62920177771245,-0.739279927321242
"452",2.67153201896323,-0.254947128949042,2.34222596363816,-0.0140366322818777,1.77461373203815,0.197995711562599
"453",1.00662873705539,0.968981433906874,0.936222414085668,-0.592409570558517,0.70426191178049,0.831193389372926
"454",5.61456068150308,1.32794121643478,0.256427143005422,0.981264930389327,0.110536384149154,0.17828625328495
"455",5.12072743003856,0.385859377258627,-0.219076040733606,0.746303485060969,2.00399050569306,0.779713525321796
"456",-4.35697314208238,0.587434364370016,-0.0021073975452266,-0.548303099116797,0.224199351459213,0.568711136746253
"457",3.1122302943531,1.61233541693199,-0.872015016436932,1.72925601964939,1.56742677609632,0.285663104917238
"458",2.87130458057076,1.79605110746846,-1.11343438158996,0.258087581156547,1.27409993604154,1.55439951219683
"459",4.0187397027638,1.95466556475355,0.328392368741708,0.400596727959935,2.19761483328732,0.443740840173873
"460",5.19242545453568,0.402074309778018,1.87444968944603,0.00382251352242324,1.66624759154379,1.82625765066526
"461",0.337311877292366,2.13750985530743,-0.336579437266221,2.60783696114811,-1.04799401077482,2.45470609917753
"462",0.888099913310022,0.661738481775885,1.02021309952584,0.338226487909945,2.45286723006121,-0.16027447587731
"463",1.53276987414334,2.3389249208165,1.55078555617913,2.94541632779817,0.491107868957225,0.938860175207578
"464",-1.70003658266481,0.914033186005841,2.616781316654,2.66170870749041,1.70631529388814,3.40225480250958
"465",0.979426603706139,2.45825907451471,2.82728993301751,1.75379640470939,0.541820390059418,0.431194733300435
"466",2.96679914199924,1.76877084147421,1.13709206645543,2.06432477621462,2.72130489351673,0.962456908689221
"467",6.01121911042851,0.314789823529701,2.03590783582904,0.387494899710891,1.17397006060071,0.729869508071427
"468",1.589978717834,2.15521839566433,0.987131396083155,-0.234856703028285,1.46812962641169,1.43732295049666
"469",3.35272758674703,2.47971233394273,-0.216815416028352,2.93718624608035,1.17133674397053,0.118009278331784
"470",4.64544309886668,1.09859162018968,0.646252695951723,-0.14833354706227,2.49282406064536,1.36868085618389
"471",2.47612416717632,2.26184200906738,0.62652454947069,0.325774266397847,3.16492036595089,1.34874066591712
"472",-0.207906994921616,3.2039452456799,-0.0765591058543391,-1.05059195222212,0.00784734392220554,0.46080477037416
"473",2.75191524956892,0.990909587763466,-0.925288727865461,0.705088578989638,1.09141366397162,0.961297083689877
"474",7.52610336371672,0.299839410096727,0.793436882328672,-0.651934670835074,2.30353517755396,-0.831936717260742
"475",2.08685523590777,-0.809215235101213,0.0820051620352106,0.863919891515145,0.707181274064868,2.1831520448106
"476",2.02371110352423,1.27744882524891,-0.185735331579715,0.779569350285086,2.61426234021194,1.32453837252223
"477",5.12428310255009,1.22858175010366,1.11506305896017,0.898310894416131,0.871149424069143,1.09080765085257
"478",-2.24468161246173,2.10542368217825,-0.425544568290823,-0.29202502198969,2.44653800061225,0.0687668926305484
"479",2.18186787107591,0.888855597916654,-0.141181403640991,0.979319993924014,2.15688439114726,1.77416640385778
"480",4.148764124508,1.36894506981968,0.536615480993789,0.544336871678674,-0.39858333604101,-0.255088764263302
"481",1.39569830081737,-0.720268949029172,-0.520041593899282,0.440814128461029,3.52914023509207,1.39822311787091
"482",3.40407986591747,3.58027685017066,0.44774276056483,2.24824858461105,0.948860878650014,1.37970526355847
"483",8.94427007916504,1.7368560259778,1.58705990331051,0.883801389776959,-0.468910455206678,2.68042049076659
"484",5.35610517003254,0.806551369983796,0.554195496461524,-0.282623006876898,1.02362262942876,1.08017139420895
"485",7.9568874865324,1.13284672837289,2.39977656162953,0.426467754066825,1.43830868238169,1.30179968084466
"486",2.41861795296899,1.19621027418407,1.53118044662924,1.57708578543812,1.07688503735021,2.3183625510327
"487",0.324203091060276,-0.0732604131596821,-0.183713151381134,1.5284323146252,2.65331633216869,-0.73493187654518
"488",7.92429907585519,1.10406293724642,2.0397891635924,0.557920058700991,1.00686518711417,1.9647389357349
"489",2.23658932813143,0.387642237468246,0.300618960217434,-0.325058237441494,2.13979480922001,1.7993122634054
"490",4.02108913215052,1.05970703030449,0.295865188177361,2.31873740721193,1.08455823083963,-1.7249685556741
"491",2.18635672201136,0.705310656771019,1.68586398199612,0.334070083230198,0.954763224168446,-0.552234651638505
"492",4.16606098664914,-0.265600088498118,1.46806219745774,1.99913821158524,1.35053667975537,2.47089533578027
"493",5.89251045035223,2.2128108815853,0.979115777056535,2.05634643940829,1.22827227557604,0.432560339486825
"494",-1.56858526510274,2.51568975254682,0.427725399161687,2.72547049609735,0.233732455196298,1.6621398143331
"495",2.46962050053336,2.79712423629075,0.315333283980119,2.78595322787535,0.182214308291078,1.32412270782492
"496",10.0253629896736,1.34070758886461,2.65583991982672,0.557885805580341,-0.929580244774131,0.267272172019825
"497",7.41078546252014,2.09433702323146,0.898769786827091,0.567634245511714,0.327453058762532,0.857101163055856
"498",3.80901429486233,0.999021049600304,1.08938128119389,-0.154830497237566,2.44869188832382,1.5550505991531
"499",-0.125017788676506,0.503170909083422,1.2285109317237,1.7412832764542,0.771469217733229,1.60641509335878
"500",2.02233077236044,1.96390849821809,1.17217337264404,1.42784129629907,1.21554223791065,2.68704701584642
