"","V1","x1","x2","x3","x4","x5"
"1",3.74734396147566,1.62223676809649,3.13141204505549,1.3841030203047,0.748802384067034,1.37002958859799
"2",4.83676277688553,1.87841879335331,2.10791482501241,2.03215418216021,2.03146236448181,-0.219727845103923
"3",0.94526822940762,1.12857665096562,1.38348483617827,1.84819956164591,-0.251260744938868,1.20371995534309
"4",2.90714498760069,1.23087340863997,-0.341648030659063,0.489411171925097,1.25734410512773,3.798957227893
"5",1.36281825553182,0.303578158402353,2.68817289602689,1.39462714551632,0.430906340594139,1.94094937471117
"6",-1.7328342126503,-0.0668445041296641,2.47603232901838,1.73755514145982,1.85979646600511,0.134496889343628
"7",1.05410954126019,0.501509284559206,0.0319371533648702,1.12554639466982,2.02011853700811,1.08883193457104
"8",-3.79825186653866,1.95382087347734,1.68445732467935,1.81678749725844,0.029525840998014,2.01925427459404
"9",2.89554494879795,1.58261123512069,-0.0469565220008239,1.29393774780288,0.827073299556867,2.75490956409046
"10",-10.7724597183434,0.249040220361754,0.943876687858378,-0.458442523693625,1.49907775299433,1.97152019505223
"11",4.52071110301725,2.60716723609847,1.68562653109446,1.1027170526842,1.23750695976188,0.375457336325315
"12",3.63183034032666,1.56614027284163,-0.100858148654549,0.575937667933734,0.224893798279333,2.00634348821785
"13",0.617654118258015,1.33630070331666,3.01342211837183,1.1160815555692,1.16944133162146,1.05425576452024
"14",6.97767288690334,1.9553391136261,3.16482026937249,1.73164420466119,0.179676947714872,-0.0481415133554526
"15",-6.34246571082418,-0.778484810321996,0.815756459531412,1.12702809121325,0.791901333694774,1.03077741768144
"16",3.44264931457341,1.8621123057955,0.774182610942824,0.650487445759674,1.254034027278,-0.542780045718376
"17",8.89889681515991,0.717264563643966,-0.144338007630192,1.56648153514422,1.58471623336492,-0.202252986124607
"18",2.71148017433584,1.40886003290382,2.52014616204562,0.320757823923963,0.570018953740348,-1.43436937947197
"19",3.35631634011052,1.0986150578585,1.40952873661088,1.39883008436005,-0.0167903400862781,0.350253820554096
"20",10.8708790064756,1.49835359706581,1.77919422964573,1.86668336487766,0.162810302046055,1.73278974040628
"21",3.51887240210488,1.36929603187842,1.05796006588679,0.599014587305706,0.431322518285675,1.21069250381082
"22",-6.9821029432267,-0.594605106809444,1.08500150141843,0.834150568870198,1.95333921289746,1.50727848480146
"23",8.77726687739735,1.69529614064113,1.10435954385164,2.96363839762605,1.38858772597529,1.76397794235339
"24",3.85562060639867,-0.949482682076478,1.24351329060569,1.60929090961971,1.50543776865764,1.56012516152901
"25",5.56563040440408,0.186261416627513,0.309072966858527,3.00010384340964,0.100064586170318,1.28460991928049
"26",-1.87415408738954,-1.69671898273104,2.30680834080467,1.16775970217307,2.36736262635638,2.37848464378702
"27",3.76543919631876,1.18838485142742,1.6603750235406,0.937497209356271,-0.465703533699563,2.60053529414841
"28",-1.54140356529628,0.0144563917810748,0.0320471531853199,0.909206156284176,-0.676363109674204,1.09164817302835
"29",3.62915703032869,0.671097001339809,-0.27271121667051,0.632177821722782,0.846947945741209,1.59797150036171
"30",-0.74478794600344,0.866300865020987,-0.68150263871938,1.77945688785837,1.32556079567483,1.84655745929807
"31",-1.64849309177304,0.906301055621477,1.1087013338467,0.903601901831458,0.278490163312291,-0.5386184003674
"32",4.26437647363714,0.057314265778762,0.0540761330135399,1.31544775245522,0.647511122938137,-0.3425096585191
"33",-5.372373554998,0.555244258133508,1.02149099369568,2.22086406201094,2.43450823759093,1.5738472722661
"34",5.70919545139247,0.737297187857765,-0.308559123262724,3.17487453598773,-0.0545617095680213,2.08483849028814
"35",3.86033772747641,1.06279203590401,0.852328556704636,-0.947865374113869,1.14739681287095,0.758215822839339
"36",-6.70263573529037,-0.977681919783448,-0.0588478139551172,1.51403449755013,-0.0861381249156217,2.59308307760129
"37",4.85566255680802,1.35067100616751,-0.31717788918816,-0.368991264292091,0.573973703850473,2.02718472775635
"38",-1.72556108707618,0.698115620985568,2.00227604159795,0.210732041272855,-0.551318858316103,2.1137353285231
"39",-10.8227619777986,0.0657923623908594,1.43735740949893,0.875114365990417,0.992824170890476,2.00923887402053
"40",5.65250125789071,0.991246596845657,-0.679857217036298,1.06273073837914,1.36819308383313,-1.15961318494737
"41",5.02162881058542,0.575939533304027,0.507519456358198,1.73194993847646,0.823580834317114,0.22646609906885
"42",3.13893059556007,1.11098925688085,2.90533525007248,1.77021022230082,0.028736504537523,2.44902410632355
"43",8.18343455454568,1.98047569425628,-0.405363582778048,2.10138317006438,1.79374079937163,-0.283581080971954
"44",4.43031236533353,1.01276835757765,-0.0645851351597446,2.16277541407316,2.14780843016532,1.44844528320383
"45",6.44647627029236,2.13769007782435,1.04719496842165,3.19310395834658,0.378848548897899,1.10014632959451
"46",12.6353946601464,1.80238768520377,0.776030767629974,0.219595697193708,2.22307967976535,-0.311030542723954
"47",-2.72183875011656,0.295004394069001,1.20980823594172,1.52316126951134,2.64127972815511,2.50098559589508
"48",10.2168526451286,2.11859876923971,0.820725261583553,2.37678468708283,-0.155537885052706,2.74141982754376
"49",5.92570822322164,0.919267437000622,0.438135357807454,1.70632254277175,2.52197850770861,0.247182672286884
"50",-4.50022455107592,0.276882416887157,1.30527837953947,-1.45949003370284,1.97004970643537,2.53881716459552
"51",5.92546210574804,1.10492808657212,1.0393675544395,-0.136385986684098,-0.434314096750242,1.09340798542953
"52",7.74451526628761,-0.476701308482444,1.83024741339877,1.15484870548342,0.337300957565159,2.41876376519977
"53",8.43504639192478,1.66227511984783,0.291549233660784,2.80726149517676,-0.0229821906977414,0.249385260064121
"54",1.93721207761888,0.347976942743937,0.825867702041149,3.14176056737634,2.50243790198591,-0.160256279906127
"55",7.40108594553805,0.721875649917616,-0.80356371745102,1.88990167024993,-0.178227332665954,0.854251803733114
"56",-1.02399286658013,0.966941845315066,2.12536023716352,0.794399238489789,-0.0797283863683997,0.0427951693841271
"57",-2.50433196984119,1.5084374213136,2.45253516719337,1.10531089591982,2.37949369252291,0.93572652421604
"58",-0.516643198583797,0.143168224328599,0.956259477539237,-0.0899715354962107,2.2235825352206,-0.0913189183371379
"59",0.599862059092231,-0.0397651216944159,1.01389087426852,1.11859065793668,1.11925269870793,-0.158452652159272
"60",8.5697570993507,2.05330844129805,2.02097154785397,1.81942487474413,-0.337198482420608,0.985436256154243
"61",-0.400300104603965,0.186683853119712,1.02312149655348,0.974604653141227,-0.357282844525523,2.93800001996419
"62",-0.960092018488024,1.64121058641387,1.55673306854386,0.255560794652068,0.439631033367485,0.881561100904546
"63",2.10509478696708,2.00143671718069,1.40403594757626,0.767312804170569,-0.270323219755251,0.410346501916809
"64",1.40964089868413,1.83781808976864,1.83712369134772,0.7650185901188,1.45134933604109,0.513207132977268
"65",6.1872033610876,0.589526172713243,0.905247487398443,-0.047842854505648,0.392000203980059,1.74426096486632
"66",5.51871918506049,2.15158132163117,1.8767214791688,1.09173251071996,0.638715436851627,1.06816652913397
"67",4.01274213781078,-0.174835063858872,0.485347699040711,1.36887240236306,0.194526855243702,0.787734734498277
"68",0.603439709145965,1.79249751126633,2.17206905835799,1.96521269123482,1.11673534960899,-0.0493004810883211
"69",8.9701787499557,2.08021458896024,0.39320748876231,3.02905458134017,1.70968549588239,0.714336348076837
"70",-1.40627024766837,0.0791756236007791,1.84888757722207,1.74373526745768,1.80255649368338,0.236694518483125
"71",-1.65948513320781,0.406588156068865,1.60405165297486,0.371200722626049,0.00576891605230112,1.43739248135051
"72",9.9761501675874,2.57653018538062,0.216545683176398,2.77386452302138,1.91669881056443,0.27952039127785
"73",0.109436991457005,1.75632129524435,0.941537215240558,0.295160134000726,1.91291398077239,2.90784687258977
"74",8.27026550492265,2.83887274369325,0.986951422124984,3.2034117084105,-0.517516937914548,0.274714432827733
"75",-2.69191492829426,-0.428129322677813,0.797107735233732,0.690466772462567,0.707273187655847,1.56659827034331
"76",2.20569876691946,-0.085949470116863,-0.0919754933860222,1.13574035461382,0.242907838610467,-0.534436264107454
"77",0.528876260970377,0.0564057982133483,2.05223411414498,0.76259632966863,1.83221791575871,0.632609356932241
"78",3.77578642565482,2.50087965444818,-0.150770025680816,0.451252349605393,1.21315776712655,0.269039495917328
"79",8.73054815140335,0.778575254677187,-0.486414034018022,2.22595742277929,0.363767628799458,0.9071272492811
"80",0.719167810995738,0.448272276598659,-0.150290818941313,1.2782727618101,1.0889486933845,2.1682536385257
"81",4.1308890999871,0.811754288272458,0.701911658348878,0.709555547142439,0.686669231952896,2.19414980892998
"82",2.04909620711495,0.824536414232258,0.278646970010504,1.06108870294395,1.07813195847618,1.05518966543913
"83",3.05515937603353,0.368443278386134,0.66717745534596,1.0845780367723,-0.166049801863071,1.36274936071661
"84",0.626900300543346,0.846260819534338,0.768534494869216,1.0984824715199,1.02771358669671,0.972946315569129
"85",4.99603095112122,2.21182284814595,0.925214776879187,1.72672962507507,1.45771740166392,1.05441343109656
"86",5.36753259875436,2.10168491449618,0.704233993508892,-0.405923710402713,0.582661811089013,-0.327292112464064
"87",7.93138450524451,1.6002352007888,1.74455170421084,2.03734003686917,1.28718084781621,0.0122434331289947
"88",0.340637321646054,1.24659850279431,-0.0314481380195448,1.43770032448082,1.75837066323575,0.450953803226944
"89",6.89460200480435,0.765906255791233,2.49842828947249,0.637358815653677,1.4840476261392,3.21140499277127
"90",-2.60771372631734,1.57354710007367,2.41125975775559,1.73288465926771,0.876507819665461,2.69843875449699
"91",1.71831718553477,-0.0768126645169214,1.26637089859295,0.850173164232914,-0.333673675890316,0.1553151401801
"92",4.7358258557808,0.608387870336277,1.78902898320341,2.29001246722759,1.44535280138646,0.373256174300464
"93",9.59105988527138,1.94152304175028,-0.249081880539873,1.59246810002811,0.281852280404815,1.07846516640609
"94",4.69508868582711,-0.208134997554157,2.57683291131859,2.95252697335803,0.844059304682883,1.98403246060111
"95",-6.86181551343434,0.74594205151727,2.42468266497534,-0.126773013457196,2.35904641676973,1.4642419255799
"96",1.99537915205668,1.40423240176847,0.672759493200751,2.12714505953595,1.5822169105988,1.40108721894316
"97",0.296266972097349,0.76506145046775,0.714797278255001,1.69592138897993,2.68990155393789,1.17473607453371
"98",6.2397243185688,0.988654882216515,1.22240629945085,2.48746003707845,1.47572346386646,1.88058572635902
"99",-1.14458130507514,0.864977498671412,1.79714295202441,-0.727082050144722,1.25615817584238,2.15889109868407
"100",-2.61626653769798,-1.26243356853174,0.539562991818487,2.4959137483788,0.816918833211516,1.03062374451746
"101",7.9065197285212,1.71815287444428,1.77750363917552,2.80869394785214,2.51669948403813,0.78523135156426
"102",1.30112561229689,0.669507715506654,2.01889827352449,1.47815109999651,-0.0226374791041069,0.897787008272597
"103",2.65065802578764,0.758130572830933,0.541706505533621,1.06155706153865,2.04782422292324,2.29885453401479
"104",-0.692448212935442,0.63905046497424,0.844829119314622,0.360939306865468,0.0469344461463522,0.597753210064828
"105",3.12133024891075,0.092569797159341,0.850078719317579,0.541684409053564,-1.23183585389815,-0.100630121241618
"106",-1.99924321584755,-0.278328983855201,0.778012045548511,-0.638127492855602,1.43129173913122,0.64764962840296
"107",3.90538373378045,1.15286707638211,-0.712490930783571,0.774852095702107,0.860168435280585,0.929650424888254
"108",5.43355324485769,-0.863992325591125,0.809342329580593,3.03637928489833,3.0210674895811,0.638021259794736
"109",-3.61303884629341,0.667623313372875,0.389408552651935,1.78083095915884,2.64124679385043,1.25742988393229
"110",-2.61419112045145,0.545783187993703,2.23562922012598,0.164253025360323,-0.097061947065666,-0.515314173175653
"111",6.11358726349093,0.719464160854055,1.36421830847369,0.818617835395043,2.07207590521928,1.07938725005351
"112",7.79984227311817,1.53481230481518,0.908978086859657,0.85674117840866,-1.39086431550326,-0.0369857513777094
"113",1.68623734246704,1.02613639099142,-0.74401220385458,1.97644625353553,1.54967225340144,1.94068128843445
"114",0.174708410389467,-1.72357498068603,0.804262928661948,0.99960565830105,0.391678877252855,2.77948993764513
"115",1.75706058313384,-2.12664357815214,2.1064199377072,0.827097582444469,1.41224881309229,-0.04854995098333
"116",-1.6761225989121,1.43931033582991,1.81064862327962,0.182680368715888,2.9107855321587,0.0641017990100181
"117",0.267321099952313,0.241761007607686,-0.448896699545622,0.711632700969549,1.33299263997266,1.47032302434134
"118",1.92869719319744,1.07583021696029,-0.710277148122651,-0.789924475857914,1.87660790926137,1.55520964882464
"119",-0.911533374393532,0.0855470386500058,1.08339268710047,0.247164755826499,2.77944551465722,0.851515152961891
"120",3.00294858639802,2.46700140113178,1.81304583512763,1.25408088313407,4.01961501731166,1.94124038562555
"121",-1.7483341757727,-0.0102891100012921,0.614775118871728,-0.200193656518709,0.215684785384963,-0.549081678297785
"122",5.31771500889076,1.19457498946296,1.12349363335997,1.61822321372971,1.47283018139994,-0.353679272560403
"123",7.29178662023951,2.38748824469596,0.266662862006664,1.4091367998673,-0.0519731875083098,-0.574947628011107
"124",9.14856567816447,2.83835423874446,0.528237498684734,2.39588889384965,1.11424978613682,1.50485461206839
"125",-4.10453228440043,-0.343794306832254,1.83196356258715,1.09828419607802,-0.212921501946814,1.1038840414495
"126",3.59547093707937,1.21897658344394,-0.285972858505358,1.46724138526735,1.44537707645319,1.40723073245511
"127",-6.57050702271876,-1.20516239963156,0.253690145985908,1.88060387417689,1.4151072117319,0.268301198104561
"128",-1.15764799234518,0.50804995970609,2.67957016591368,1.14710843744176,0.540564972980643,0.457951824202172
"129",-0.645917527346531,-0.42604432126026,1.59889689623301,-0.460111922988023,0.807169760585596,0.183237355253347
"130",6.72906176290575,2.04708271558649,1.89874107858413,0.778982940043042,0.711001078426404,0.355473525922502
"131",2.80945602507711,1.21472050390963,0.0931036898304407,0.511996253711073,1.37361782493043,0.853093792159836
"132",2.47270433778754,1.08879812180117,1.51386885363552,0.418868512767212,1.244534101092,0.735989604813124
"133",-3.51208781207014,1.05959490514172,2.12357343922628,0.862581730855798,2.82946030860822,0.831454415616487
"134",3.81755770765009,0.833680088889003,1.79480988466099,-0.361199144546512,0.338952544846978,1.25200527856044
"135",6.1482648111172,1.27491711535186,2.03320329678456,1.04799465283618,1.05494384100787,1.76518373882449
"136",-5.05867255957223,-1.34095699355952,0.540854602612223,0.734686410361963,0.502201642172418,0.0672182031322885
"137",-5.70113559947622,-1.56315647750212,0.585881234227347,-0.825065294089119,-1.22980543909805,1.61000984833652
"138",-6.91920911392149,-1.73045630346622,1.26152172340558,-1.76994813314783,3.51598477267671,1.38484232443884
"139",-1.97379149098935,0.364342090345162,1.88462583858522,-0.125490557926424,-0.789735500653435,-0.248916382333815
"140",2.68399441931393,0.348067925314848,2.06047113318583,0.915941224824644,1.49209731453262,-0.745308664247588
"141",-0.354550351354976,0.413362094859591,0.0258408550391912,1.06992391413624,0.178263744071613,0.572989926525087
"142",4.42697692366027,-0.833918038719439,1.19946917372299,3.07511489850189,0.666706668681381,0.633220901235293
"143",7.54961168691477,3.28126469189842,1.50563219869209,0.297812769110602,1.23994388546168,1.08227563798314
"144",9.9248355176673,1.66560875783277,1.93652504108241,2.00462618878872,-0.290066253721301,0.855419867406621
"145",-3.35353087974028,0.652281627351624,1.36913539648665,0.817436580255048,0.42709208917816,2.76555912926501
"146",2.8520984823365,1.37197224468473,-0.206978765014131,1.43030008271577,0.546750590702297,1.59402961684563
"147",4.40025871504763,-0.378618382106859,-0.00781367317859338,3.4007339486848,1.31795208069188,0.13488269373615
"148",0.358793210094015,2.3850926815643,1.34351249604564,0.40522552903872,-0.431387533977415,2.36124054620867
"149",4.74564139762637,1.06394473509931,0.109007758143357,0.523776680304859,-1.72392923265532,-0.234567497727566
"150",0.638834825185832,1.02684606873146,0.227209251592908,1.41013192361711,0.811344054322958,1.95149360739113
"151",-0.226998184862507,1.45327440458452,0.432847720916504,0.693291581555879,1.26196224512358,-0.231962937662903
"152",4.50698306168999,2.33991528802777,-0.246989574739715,1.53962917126315,0.0462024584698452,0.98478729384966
"153",1.59725229360581,2.15798503319458,0.450763493468974,-1.0052771474464,1.5782530867666,1.13883394833217
"154",3.62235132670419,-0.214721159299624,0.473117678482832,1.06338715798661,1.63747056916535,1.91312039641011
"155",4.15042265887767,1.42630882767373,0.782824568521343,0.323627334208941,0.22280227772508,0.425168309766853
"156",-1.86107421600324,-0.301180142362303,2.23553648063255,0.308552825340636,0.191078467707634,0.800594767907462
"157",6.45453310710059,1.89305604107785,0.614656912316752,2.03303145679746,2.15837731616751,1.53116443281602
"158",1.94697179198054,0.950157262113301,1.39727241397263,0.707747388919538,1.69471042462028,0.327997872749503
"159",-2.70078567424624,0.402660294075608,0.606586254735559,-0.226749031124932,0.998490188729358,0.631481502032144
"160",10.4106397159698,1.63859662179838,0.414315384247223,1.00336826014172,-0.854274127180099,0.976594067986516
"161",-6.30394734386016,0.910849465321687,1.51244040789906,0.651992499489189,1.63255160493339,2.05352307427918
"162",9.1316188896474,1.86081610489741,2.3378649024728,2.93853915675176,0.772183546023097,0.86697834293353
"163",6.36780843038861,1.37395078198209,1.34732534000528,0.391615238541275,-0.697854275513622,0.646294997284509
"164",3.96732257728971,0.448567922153027,-0.567919326063932,1.02677623129055,1.42855215004821,1.56099388609491
"165",3.50278278960437,1.09769809871755,0.889689929165674,1.75462701963897,0.806415925424711,-0.484964574833078
"166",-3.11369622997068,0.414438017531041,1.96805354301174,-0.410493732540791,1.65784275780393,0.845458628816475
"167",7.78557596133306,0.987337208335851,1.32422255847228,1.9009094008552,0.274951582123876,0.67475106742527
"168",5.00504452695393,2.04449382825766,1.15466448263299,1.28148893341351,0.520984143017662,1.11418812025283
"169",3.00547185175888,0.424413327447617,-0.279210089197128,0.518476428124619,0.587440329524914,0.803837754528121
"170",-5.03448189686473,0.216414000856727,1.02734932324124,0.627727674233474,1.96495213582433,1.16517678202122
"171",9.4754415475371,2.32067543014224,1.56487685742053,2.4007631732798,0.895826989365956,1.96261822788632
"172",-0.946411128810482,1.87758802288571,2.82739358628734,-0.131673754930914,1.60226722129037,-0.0312022084338262
"173",11.078266671161,2.06451298987615,-0.452390217279265,2.77805896318266,-0.43944178354365,0.1188643332089
"174",-1.27143095287501,0.819955304466912,0.740190031595507,-0.639126002871183,1.9358972047423,0.793769839237162
"175",-0.808649329242251,0.726318911750917,0.552248491492839,0.594214046278338,1.5991969626051,1.79860888138135
"176",3.24875980393447,2.15609564881951,1.24584605271176,0.376994205709509,3.25689232631217,-1.38409203230459
"177",0.369506303366594,0.742942419825439,-1.62189290962167,0.97979677283601,2.29904440198006,0.818099208697727
"178",2.84656663148573,1.00496269860324,-1.17624611909218,0.19241087018154,1.01049992480834,1.72230135069746
"179",2.00947064977596,0.507054789744706,2.18525694935494,1.57176621199314,1.68203980416318,0.431375252619018
"180",4.65343099841943,2.72376132107967,1.23937758002822,0.521816383634546,1.81012365134205,-1.0103171073219
"181",7.56860856535514,1.99384266544911,-0.285048793994,2.11774355292668,0.176206223024957,-0.258337602436404
"182",4.42304870822314,1.41751092140422,1.30587905647091,1.1264986560243,1.420033739863,1.97998867945558
"183",3.31943130574913,2.32007417142379,1.28106874345787,1.58441719877196,1.85280142902212,-1.11001601153366
"184",5.47810123888779,2.21034779195815,0.242235084539847,1.70310303362476,-0.0452669169822448,0.861733921465145
"185",3.70988885935103,1.83411547533839,1.37685387011855,0.244520875401019,-0.461215848856221,1.30597012918147
"186",0.385219175634745,0.737589978137698,1.24528357947011,3.25405964461807,2.56105790041885,2.95616465831783
"187",2.14294631470259,1.0293911806821,0.0548691562230241,0.376730322633907,-0.8944415138754,1.23687010064794
"188",12.4743579778373,4.0135202684971,-0.161296264286519,1.80382846712597,0.743697557974911,1.60369143511487
"189",5.95485241586126,1.30529515196856,0.677456096594067,2.10674630378822,0.595314780393105,0.785043606514401
"190",-0.674584546548915,-0.0222237639325167,0.478477560470143,0.282903593197961,0.809868005073094,1.616180300271
"191",4.86259675178035,1.14465046558441,0.230147602808538,0.352087681314748,-0.686077773639296,1.81765069453983
"192",1.16254920470791,0.462048762512493,1.64952827283407,1.70728693399122,0.483988664732398,1.39597902741524
"193",0.735222256726619,0.812496067844086,1.22749660854806,0.114098287509492,1.18512116829346,-0.506302158463385
"194",6.3550226127072,1.86515387293775,0.273992797754953,-0.928583609617565,1.17858542275975,0.703636665338934
"195",0.394110155232281,1.44714913002279,3.4269979516927,-1.82022471171982,-0.951869939672385,1.43286880096704
"196",11.9880496741974,0.595040771899884,1.44348880291484,1.28390348926051,-1.65763928006161,2.54852890353254
"197",0.487174547941201,2.38564047721849,1.87258576488823,1.19819702533281,1.06993925132587,0.288755764846083
"198",10.6545419102458,0.959894456432888,1.48853383966299,0.962415733171682,-0.433276636612978,2.26422176184746
"199",-0.040258041410735,1.65070077836845,1.36312417579005,2.51190665246469,-0.0325391881802768,-1.26383818715515
"200",-1.09088259464488,1.5363001212235,0.949596670169858,-0.139995428209072,2.37782119707664,2.09567140617561
"201",3.14426428459414,0.915127176462781,-1.22990538474611,1.3016970086742,1.17736849007637,0.877615898145819
"202",6.28252727345419,0.628828702144531,-0.848940526584784,1.20283276456914,0.684392369323156,0.998961397137327
"203",2.55200618927378,1.00699805467277,0.810767273396632,1.44845146126925,-0.409198234261463,1.97626440162897
"204",13.061551179514,3.79219172040762,0.751113518195321,2.08413186260501,-0.300140829301957,0.913723001996544
"205",-1.50288410334183,-0.120545222910154,2.00017178511711,0.991297157161693,0.834665721442722,-0.185075755607337
"206",-1.1373576538425,0.389064831925484,1.5971332076801,0.410138530394465,1.43710774027756,0.0563659943523004
"207",3.14186491184567,1.31993547647531,1.22080642540063,-0.888481942131311,1.07254871554981,1.07536325270471
"208",-1.82492669194056,0.458853518084661,1.97274538654878,0.589732227851626,1.4730716194123,-1.14682714348627
"209",0.0347519423915643,-0.260635697485512,2.48972055363594,-0.311423175739561,0.0114181045885917,1.03699613050272
"210",7.97592899080942,2.16674230381508,1.31869647689176,0.0747325728680588,1.41516620859899,2.5551379405396
"211",-2.79692983446869,0.357853422340235,-0.614880036658037,0.647533145185577,1.76353006618602,1.16892878803485
"212",4.30234553891244,2.74168280854134,0.792232564659912,1.24155633811576,0.334574586500276,-1.83371470204517
"213",4.78296218760493,2.36915127528597,2.33995919014267,1.07742725396169,0.768820879073173,-0.329957464696107
"214",3.11998985975231,-0.0626724099934903,-0.448824319947525,-0.542836190868426,1.35075300862611,1.68041460393617
"215",6.04352623580571,1.48083760398084,2.05221501196921,0.418334935953054,-1.66125222861534,0.101814437227085
"216",1.67071430364228,0.00932793043600999,0.823041908461526,0.763461367757141,1.49723803906718,0.933079753891291
"217",4.70671644970175,2.05022198845209,1.05401332714943,0.524705165314321,0.95221550175448,1.23064508046844
"218",-5.57036962760768,-1.50053777682311,-1.54175226229912,-0.581703386579543,2.03375780334436,0.106968954468637
"219",5.58534026028318,1.06052271811028,1.0153961139122,1.94519855046039,-0.584935769229251,-0.413951455037003
"220",-2.65817416628165,0.781580277667792,0.468638686991007,0.272828195131843,0.722028387233457,3.43807762957222
"221",0.710891155615816,-0.0984588773747381,0.641283467562202,0.992269001769778,0.85672019143394,0.764486580597573
"222",-10.016995159027,-0.333541905404361,1.0852057706914,-0.0127370703194476,2.05448380045078,1.75327702106193
"223",0.407882623587081,-0.128321991782904,0.117513389929339,-0.301628764353389,0.714087258369885,0.293119850561399
"224",4.61138424034312,1.8550123864085,1.7401298915766,0.333730199374903,1.23230604167793,2.06426787466955
"225",12.1398971898355,-0.0505198884231104,1.9698129723559,2.48147888688604,2.5945472027617,0.0874939461459444
"226",3.34941533610526,2.31230552707209,0.405414123321141,0.932657586918464,1.92815850120609,-0.276015084207678
"227",7.53344632217414,3.19260271441006,0.0787024832892744,2.1425265599396,1.343248516557,2.05846794763248
"228",3.05871139558664,1.64108065367713,2.28113647153156,1.62925248521693,1.73993211869428,0.650835195695563
"229",8.59299193103686,0.546328316989412,-0.11536950574859,1.0073371614562,-0.221336699927478,1.02427605932847
"230",4.75728518594554,1.11226606398245,0.135663163964597,1.15378544948945,0.623134086283372,0.813272095275233
"231",-7.40596627302134,-0.960556621572783,2.27053612124924,0.180105007699034,-0.164340759176583,0.266425139494506
"232",-8.14365807888122,-0.142377826927827,1.31324824621727,0.349127164820736,0.506978819416078,1.52692774877815
"233",8.24269531534877,0.89601953550676,1.83495295551534,1.98502621128059,0.890346451895513,0.662466570739722
"234",5.79892139748897,0.383181679321222,0.986094209583643,1.08788391553783,0.908005451525278,3.2210838532752
"235",-3.56725966831851,-0.392158322625022,0.014418410457415,0.180599131094216,1.00312334889643,-0.0682795201649282
"236",1.76909354889552,0.755226514869231,0.900752998255537,0.406944333681387,0.0991213456095702,1.43805707089683
"237",-2.26313598644263,0.408303493039739,3.05705205965223,-0.415177890756972,0.846047694174214,-1.12103671384221
"238",5.81471776281467,2.71340478603196,-0.424171770682888,0.0255640767435225,2.02198174304976,2.40834142412613
"239",1.29903322203817,1.1758828421476,0.245060535849484,2.06979850447379,0.631207298919918,1.64115745312429
"240",2.04524221439803,0.00952771164687294,0.0537453108186915,1.76847406457826,1.82970619832059,1.56407552459414
"241",11.0937031331072,0.316183094711098,0.284634297215058,2.40742372922992,0.39854322300939,3.66024411656788
"242",0.442034973790731,1.74021202718671,1.73903562293936,0.609355495269758,0.186674323976482,2.20093757366816
"243",0.801506310777762,0.39009601213449,1.21476277041068,1.55006946417539,-0.174037614314634,0.187747356276137
"244",0.886601171251842,1.00926798107038,1.75023167898094,0.669287541115975,0.220420609452439,1.89942001042827
"245",4.19607024403956,2.5919002430902,1.6016333680293,0.823581427034084,0.232612381093908,-1.02836020702707
"246",5.25809483299077,0.915479244211917,0.531116183597751,-0.0293770445619366,0.00203816085281983,0.711725061871141
"247",-1.20644312668477,0.818451131866018,2.3580950382312,-0.0468905067426177,1.42929713413842,-0.472090657420136
"248",0.101705705419952,0.9279147704517,0.913406214945645,-0.132944286671789,1.19692606238736,0.309101104579612
"249",-7.61013683961921,-0.846170655246945,1.62784556236813,-0.887177657559684,0.582563176250811,0.435567077183688
"250",1.48110628201435,0.280664269591431,0.441170445888188,0.605592582499842,0.0615132897107559,2.32131568909722
"251",0.266669794921601,0.33032022428399,1.51791127244196,0.476501970650819,0.863031160273498,1.58274517047473
"252",2.47735670929589,0.607507439543488,1.57424284758498,2.8501738301378,0.336331341495269,-0.494759087034905
"253",1.97657001190098,0.78546474793937,2.3940979095385,0.717829789482182,0.98515230821195,2.90028897234866
"254",7.38737826857179,0.63558590597754,-0.275470010729995,1.40370807314351,1.81136939752233,1.35249540236557
"255",-4.12850384671243,-0.572804160961835,1.06343567854687,0.542825895825993,1.60910111940041,2.59440330343867
"256",-1.76051882171123,1.8880216438521,1.83562459375211,1.01786865466228,2.815919508464,0.459684903202014
"257",5.80839613976046,2.5101236949449,1.30729930568504,1.01374907171444,0.508312728110541,1.37013398712522
"258",-1.58236209616472,0.662899194451531,2.16537663573764,1.71092657122982,1.46119657214399,0.323636219311562
"259",-2.47824509042489,0.793963469651927,1.0811129530961,1.65693454771155,1.36350575757646,1.28175670294083
"260",1.27480310197881,-0.628478177430924,0.484949449186143,2.09399690197341,3.20525713271263,1.21589810400234
"261",0.880141955250718,1.67371495033841,1.10823051811951,1.3800201143785,0.444333855645902,1.77551239080127
"262",2.81843979247201,0.642901889087748,-0.541414751052815,1.85194545787261,1.81542440567161,-0.254761351219499
"263",3.02971013371164,1.42309738814165,2.25599118745964,0.627975785170739,0.54767468924844,1.93275621836517
"264",4.87725675463663,-0.29833211868699,2.87943067731708,1.29983221373289,-0.119518713122933,1.49497585402729
"265",-6.73896300843865,-0.0468593607864847,0.883660103072186,0.40818871594006,2.29406868963964,1.80174706616799
"266",11.9014087189431,2.88811483031934,1.03314852692923,1.94444668842681,-0.240928711021267,0.435605750594516
"267",11.1274341528915,2.15528973150367,-0.475946176910667,1.54076332776341,1.16121122831921,1.31240418549336
"268",-5.01866830195683,0.0287562616783961,1.26891500106132,-1.28200412535975,0.258463127576522,-0.27076134653427
"269",4.05126428833568,1.07985315926678,0.476738737285718,2.24074805950499,2.01344731432679,1.81549119938495
"270",-4.47690253385148,0.919222263267816,1.28326790610619,0.400177448448804,1.09303190125126,1.25885082672784
"271",9.7897676382965,3.263255120378,1.63284242697984,2.32696346069098,1.58768331285832,1.52044439957729
"272",4.99752052694882,1.2388388203013,3.08548816672416,3.57152276621864,1.34608024069766,0.956699979732382
"273",3.58140156575631,2.54962826673811,0.563082712880266,0.00732883341284341,0.972218172103421,0.387722119741042
"274",3.09638009694517,0.441372818478955,-0.885592702804085,0.545208017447239,1.3254838528376,-1.49717480828282
"275",4.72965343488539,1.43378270636594,1.14108890426436,-1.0458381864838,0.261283192289862,0.940074572411114
"276",-3.04263157198516,-0.118571186683778,2.0844414989799,0.434758157999524,1.16723810934538,0.555309805980793
"277",4.63330731645534,1.68041048790403,0.954574947341326,1.27253847118105,0.766345169546863,1.08744518939308
"278",-1.42942041218074,1.54974761849066,1.51726645130154,-1.0915341902807,1.42238818207075,1.03725154332987
"279",2.09093388968219,0.504499300447108,0.801032983487853,1.15860567582545,1.84757660030593,0.36365731869102
"280",2.52471932740053,0.78080118102481,1.1953990134107,2.08429615132021,0.37672231418268,0.723012311841695
"281",-1.38346731538669,1.95472652752489,0.965269713730874,0.088321163338461,1.83927328459569,3.33433322298727
"282",8.99268221777773,1.76307001692778,0.417641868027609,2.530753962072,0.68055071105483,-0.372931349924158
"283",0.307713877016798,1.50949580006342,0.904601260723371,1.67588564362572,1.2366915113901,0.140340542641148
"284",3.27989724876591,0.29494697640689,1.11648104148506,2.4594240756557,1.95777095085452,0.926756228756925
"285",-2.35362623546689,-0.147781404766925,1.38726099131758,0.613697415137459,1.07243318785338,2.50646847559819
"286",4.42215769944396,0.278851523569494,1.17208251161988,1.14146996805495,0.442890116587875,0.788902457080203
"287",10.9685587592979,2.65634562340551,1.71269878446253,2.02769448722813,-0.255243456429199,1.0457482791804
"288",6.07116177407427,1.67177409415612,1.74371494914063,1.73908740484222,0.382759635353598,0.985198129371518
"289",6.10738152399158,3.02245420240458,0.758177958254167,0.6041704531378,2.02507292797853,0.896532730145865
"290",-0.017482990838168,0.371434159089332,0.587308981089887,1.06590487356799,0.777414348739153,0.507030580997651
"291",-3.28359299917174,0.893321358320039,1.16111959743993,0.935892196313677,1.80600019101135,-1.43889467227738
"292",-0.485335684345955,0.737630561296119,1.07782996956339,0.680259055480385,-0.218126276896321,1.30908047357123
"293",1.56894672520588,2.32492995518994,2.10350553723963,1.22775147683352,1.72543847777965,1.43731828194501
"294",-5.07492072405849,0.0022814796500924,0.392228787619581,-0.688421400755801,0.0682572453198074,0.094573935169426
"295",1.23196266679495,-1.06551369056751,1.6778627056338,0.72674608665279,0.748942965192509,1.23747727258502
"296",0.241182786564596,1.5065256463999,0.403866766326619,0.776115714239131,1.96844932264082,0.911203689377566
"297",1.90274971414786,0.715404310222388,0.759820166100858,0.255487832040809,1.47988180159606,0.067742327701606
"298",0.504666827264489,0.541629948020552,1.71819019659045,0.477324431006072,1.56255460453022,1.15606572335351
"299",1.86267516831323,1.70450315681825,-1.27462246039534,0.485674820063345,1.58463002816325,0.948585270431683
"300",-2.68360160391143,0.0425154694574335,0.838894380922523,1.95557413361037,1.79360703150155,-0.10081360851468
"301",0.949059072227697,1.42765963168137,1.24267643419591,2.34040857858252,-0.0999350271581099,0.915795620305887
"302",9.02968896859994,0.664161628758607,-0.163867432134054,2.72591343773504,-0.392045930652613,0.713712836931153
"303",-8.49516539783481,0.376517576342697,3.27028693440914,0.355082354593441,2.45768815389288,2.22224522919666
"304",3.47960406123595,2.64147255761014,-0.0981652691857622,0.904069558412373,2.0875428708141,-0.799379218494566
"305",-3.58677832405764,0.823246328701246,1.60285234352517,0.576094373531561,0.299314902907958,1.40686040434926
"306",3.93352539787837,1.72465207245855,0.732439858197689,1.11085761633854,0.0648075617786997,-0.185380647217176
"307",-0.489217427688463,1.78330076765385,1.26685748909801,0.661552055334442,0.988935633766169,1.07061116255481
"308",2.05435120243026,-0.0744112430508939,0.152808336715295,-0.350661784902977,1.94244907507008,0.354965094298652
"309",-1.91266637153059,-0.906613542250161,1.57032316054443,2.56225863028372,1.0576594387655,0.372025957071766
"310",-3.66507349219817,1.1523033053124,1.30744145101929,-0.0945924126407076,1.91950515664411,2.45149934189367
"311",0.559539923389863,-0.541987516915502,1.77474706083877,1.13419882836681,0.138928444655323,1.07999782351138
"312",-0.314492315019738,1.26607927412263,2.26777806529828,-0.798893891096664,0.955953511709218,-1.05291731244751
"313",1.67106075042282,0.428908390656954,3.07017479657282,0.770884620660613,0.278211787107185,0.719126799982242
"314",4.31948860719906,0.0368248222500428,0.296074820881365,2.29335778151198,0.643062037025464,0.307268752304876
"315",5.16536175828546,1.27122462049419,-0.770937000729882,0.61790104212201,2.52579265108114,0.498399951365961
"316",5.77661131393226,0.838758339060642,1.09090793959386,0.698045323919395,-1.36164175375204,1.22530443885067
"317",3.55699289788743,0.785545768182174,0.821686994777281,1.27141506191358,0.727648448937745,0.598651988190261
"318",-4.40699344488126,0.250727033239623,-0.0382386371329488,-1.44964761251716,2.43187290323303,1.21653968990134
"319",0.483519451721723,-0.58803844496274,1.32264968698842,1.76414057662742,0.744689915804114,0.915173976566157
"320",-1.12380677768907,1.50088933037308,2.17815414854031,-0.111895687383124,-0.0205853418754267,0.553534500329088
"321",1.76097252048491,0.24339007845199,1.21954261349502,-0.15416902905258,0.463924403581364,1.2681794154066
"322",-0.357746687816338,0.89542275694095,0.845490230781385,2.02490275079497,1.75335794686011,2.64803631924349
"323",-2.66463093907042,-2.33536337444327,0.914308045674555,1.70416147362855,0.522512323522684,-2.01884288724442
"324",9.46275162787798,2.38423186203075,-0.241982721567902,0.869822274002356,-0.0562722782831708,0.84408028982693
"325",3.16706500165613,0.922302939136367,-0.648242002576736,1.54780891964649,0.184069263419763,1.40563870087428
"326",-8.1254332329327,0.697831592207725,0.233918583646411,-0.0260013921883921,0.513271655748865,2.71623893374653
"327",2.19599073690512,0.974682910756891,1.58289057290827,-0.0444867263799615,2.78904118946771,0.327606367077072
"328",-0.409571550788114,0.116037469543156,1.34952085331176,1.43618774479229,1.01673015951168,1.14265629975174
"329",0.173906221849251,1.12643418503267,2.25077560135723,0.853186425661145,0.394351747948888,1.79743810861555
"330",4.01736459019746,1.89591586676725,1.24761414564615,1.58463519583187,2.03557212747349,0.761629576872344
"331",9.95384531846921,2.0637777507762,0.56377204956964,1.12456737600284,0.327808321764075,1.33169313043602
"332",4.61760701879814,2.64057738623953,1.94098143217702,1.44536728663041,1.18241676173431,-1.49012854394075
"333",0.758892597132047,1.89081779035967,1.44071252830254,-0.541342887728338,1.64125849398478,1.26643389096642
"334",-1.07912939798857,1.41419292966665,1.05653869463041,-0.125949567757169,1.87039802583133,1.68225353539066
"335",-0.402251782711211,3.02142135528929,0.82113062418482,-1.31375270845313,1.03954666907263,0.804973925768336
"336",2.03948146643401,2.0324552998693,0.413090356604865,0.301136936483257,0.879575943348291,1.22222549273215
"337",0.711478139460202,-0.0432248865646894,0.809196083658418,-0.104419665625348,0.707301762191887,0.0603328421870913
"338",3.48834750831761,-0.216702102852405,0.346330803183064,1.33054379860091,1.70414784329787,1.1997962715139
"339",-3.31586129954951,-0.366922416664777,0.618525680710596,2.30322656876747,2.34857913262436,-1.69868888901141
"340",5.30702099568814,1.7325313206053,0.132603029016737,2.15545810513446,1.18347047961232,1.51717641941674
"341",2.21481681099282,1.94815931880077,0.769115441760659,0.989689571604005,-0.33246527110458,0.775004402308013
"342",-0.0885203268676713,-0.549164488244966,1.75284219530536,1.84799283760925,-0.0951719505420747,0.711450336224731
"343",8.54755970543664,2.13350885660732,1.66375461537417,1.32861216781936,-0.162051997775818,0.709460907099844
"344",1.13663450719168,2.07183874058747,0.487189915756066,0.839423853367862,1.92569942605099,2.26048938288282
"345",7.26192897077448,0.668792803397707,0.191234782798896,2.38661076730491,1.04561962684084,-0.585297547531305
"346",1.57265883599971,0.99614011765779,2.98349955787468,0.777793099081478,-0.133017494648979,0.865800392396614
"347",-2.11260420378206,-0.270856572450226,0.421717526582109,0.401684406235835,0.261117914482259,1.56220637514356
"348",0.602969680505749,-0.575466136393775,-0.143531942927146,-0.77548395035287,1.32724922586088,0.883816162154065
"349",11.8918905778752,2.32684540498625,0.454177963720812,0.348880992065115,1.37859615728912,0.143485563089393
"350",10.1434852086897,1.72666176941907,-0.172156099547915,0.716006455443714,-0.224215456876466,-0.1172682465014
"351",2.40319839036131,1.36931009165187,0.352188131210606,0.855225653276821,0.9418402049984,0.620444492662827
"352",5.7328888261098,2.21100877961961,0.846795354606393,0.342845795159747,0.664014592284825,1.04181702273864
"353",9.88770072111874,2.95393402589385,0.579797633174605,1.64838149714895,0.386738261134723,0.901133418505614
"354",5.77714559003006,1.42704325712983,1.94643910211975,0.737665212242144,-0.570571718493964,1.8503939510825
"355",-0.526059016104651,-0.198381364250018,1.60385551758839,-1.50914979728329,1.79070886389469,-0.313129443201114
"356",-12.4451743985637,-0.223393567453181,2.19663545488834,-1.59904223142386,0.425576834180178,1.07348600149033
"357",1.87405821836963,2.51573504762831,1.26326835020194,0.740785505734226,2.17059308748726,0.939649793937618
"358",0.228454153540939,0.360552592977427,2.1983592415519,1.00250404004811,1.26806828799896,0.708628615719118
"359",6.33715250643538,0.770633098707858,-0.169453090757547,0.639341300763801,-0.912974466661849,1.16114270215206
"360",-7.85483579086039,0.233498313325878,2.68829612896611,0.792126557326056,1.94352081186509,0.49201987134151
"361",8.14488559153936,1.09337742968083,0.129940996176935,2.05198071395869,-0.0216885627339152,1.90418494340984
"362",4.9959040552467,1.81267060231245,2.22152981601503,1.76954479136857,1.97129480316952,0.565827435076401
"363",-0.0476189152368969,0.380708516899413,-0.231146166836874,1.54255738581465,0.803149507105569,0.0384911743872188
"364",11.7609409019549,0.287582346853446,0.698965332726552,0.769354238639514,-0.48596699012597,0.126989315332987
"365",0.697416546120471,0.301137823959929,0.563695293620777,1.06115172871441,2.27632533881147,0.987254325099819
"366",6.01748544580401,2.44180336781956,1.78783811710506,1.49094359363423,0.200773420481988,2.28954226899495
"367",-1.53214970748654,2.3620215474914,2.59975126799252,0.685504704492539,0.846703291474592,1.90538290120329
"368",9.9437370668837,1.62991999194462,0.567764066991062,1.33784264113794,0.493563803710169,1.86971146236987
"369",4.57938116909293,1.20723918583414,0.564827570885173,1.12804628661523,1.04354891861789,0.546563542765274
"370",6.39578134729734,-0.841921425844245,1.97726139560952,0.230002843766985,1.62696624904845,2.46553507327355
"371",1.38598078285325,0.422385152413764,-0.0730314495263977,-0.833247911453161,1.47982478503929,1.99839065935451
"372",-1.12674481597893,0.66640198315727,0.856104477268678,-1.08860261093507,0.0726929614131331,1.67334074028294
"373",3.16884235609179,1.38296931319658,0.562579529667751,1.80208978651303,-0.765230066290249,2.85112385520001
"374",5.28322935676369,2.46977930569364,1.26382420039787,0.993573299313684,0.435755617538557,0.0764586731142978
"375",2.26122440803895,0.120202416129211,-0.0421795442994377,1.17075079965904,2.29305758389762,0.608856612318785
"376",-7.84094733651553,1.00498295604284,1.30111633367746,-0.466435279292423,2.05501353115437,1.33086302246907
"377",-2.84571336488964,-0.115513330966266,1.11677633055786,0.280229765165864,-0.132488228695787,1.93404202137054
"378",0.210447140186054,0.710429762541481,1.79699167474127,-0.0341028094577402,1.71037809899576,0.131620013927685
"379",4.70037266060946,2.0392444578672,-0.721883797494121,2.24684459626717,3.12060111143464,-2.00224922450969
"380",-1.92886380573548,-0.25861974398594,-0.940003084033881,0.412437042524655,1.59018428822125,-0.471550815839379
"381",-3.17446240678913,0.841280858241779,1.24199910502392,1.3172443144521,0.671848860534146,0.889503338636295
"382",3.39718166432874,0.967788250713324,-1.55120430201616,1.93773076540251,1.26592443351771,0.150153485126469
"383",-7.41586333873983,-0.260082980576166,0.511627792833073,-0.314543086631908,2.20877651595745,1.39340019817762
"384",5.42674019102667,1.67813394267781,1.35588208780817,1.9178303219498,0.729369044390954,1.33862411347601
"385",8.89335385653994,3.30472423026665,1.84080472751776,0.813441186216299,1.30693024213044,0.739645717149549
"386",4.05364575408113,0.793935353571384,-0.591300057757579,-0.66706986747576,-0.225752152103811,2.78102351092219
"387",4.25713851308817,0.664163837386654,3.08085381102903,0.331754296799265,1.17578674523857,0.928206225288548
"388",4.68258898628465,-0.693943440417941,1.90862310465934,1.46641055313556,0.387173134390266,1.52212797774624
"389",3.20695277819967,1.12011816431106,0.258047334905849,-0.305936407667566,0.291637247796362,-0.00937916550490958
"390",5.70838143042624,2.54874084408951,0.558422601262625,1.60410965777259,0.716886061552824,0.407821947280044
"391",7.1491334761658,-0.0695593112158359,3.10723357297819,1.24275554381967,0.0252010300619845,0.379564930737417
"392",1.59492862328265,0.798154764055737,1.48278797670159,0.146657940859859,-0.0229862806403485,3.11998616229258
"393",8.06224837367046,0.726891725888291,1.33188180229456,1.65293949309905,0.421107963080857,2.11435120760825
"394",4.56918966360104,-0.333898501380232,0.981809897643734,1.31822227135655,-1.06508807419012,1.71338956908511
"395",-1.34306168410912,0.479649792921511,0.444741857098931,-0.744055524220842,2.48447012932424,0.429356513125254
"396",5.27939403487786,1.49722592662384,1.18438246539099,0.489786983785652,0.146626313795102,2.78344477765884
"397",7.93197947588525,-0.169032398608957,1.28748975344183,-0.00468187393881725,0.308377993994127,1.67018319226172
"398",7.78493792835702,1.0507659807532,-0.0102036865213369,2.58987496983704,0.18852561349052,-1.68146416784855
"399",-1.05456340376759,0.203144967453268,1.24925505327047,1.7800566856423,1.69152802185895,1.75483179867175
"400",3.02867808412483,1.47683287106863,0.25329317152376,-1.69378799273523,1.13881415408518,1.15633860815627
"401",4.10381073433068,0.720260707152928,-0.705306600348684,1.36512529070297,1.83710405631247,-0.70451491680663
"402",8.82557270887126,1.31991283089041,-1.18656026871557,1.32764218876909,1.34345157233962,-0.599164010139409
"403",2.8065415925373,1.13742215760201,0.787067082733522,1.85803841614147,0.745967355995852,0.503197629828826
"404",-8.77676437725619,-0.318312932027216,0.146401803472894,-0.284141606163853,1.20930827395071,0.0147751693918671
"405",1.11413223971537,1.11931656581449,1.15355524762657,0.811257163697262,1.99470725535689,2.0455238590193
"406",-1.71987380074048,-0.924682690519098,1.48342986250169,2.32255282035632,0.949958441371713,-1.52691200537969
"407",10.6831840529726,3.86543282046467,1.82239805001345,1.63532534445304,-0.619852801246601,1.56353216493644
"408",3.28390703577884,0.807421205915222,-0.0911239268322128,1.11316090946658,0.944132829225824,1.94450543583082
"409",-3.1891395032762,0.866482783361584,2.34348047255992,0.440262020962742,0.454009889623969,0.613361007956139
"410",2.04389990912466,1.07372459099891,0.802115948081719,1.49630907737158,-0.959282386300185,1.50511290008666
"411",4.85603042522575,1.42776534159707,1.45690301081555,0.106598466024849,-0.469442749931352,0.848986519049061
"412",0.36578372401933,0.815131139978055,1.82355953430026,2.27468742040992,1.04678582696936,0.198454248652504
"413",-1.36869114408823,0.847740394986702,-0.100570769447796,0.470052937624157,0.725504367737771,2.58538141253581
"414",0.10908173471966,0.252009767781606,0.478068933628954,1.78875432777925,1.59304091679028,0.196310984782088
"415",6.24576850972,2.99768752459254,0.810340471530291,1.67582556522151,2.49654849223699,-0.306860655893412
"416",2.9294828126302,0.59729164960641,0.184097037016794,1.82905741981051,-0.149853851462395,-1.11574802703656
"417",-1.56316324088295,1.04684642448869,1.57229951563485,0.8962306016054,1.84539946839474,1.13004945434472
"418",-3.38029488966597,0.370214276313744,1.03795625944915,1.367138069814,1.42107549672914,2.13467090004147
"419",0.4318471821452,0.108452716741916,1.86939196514165,1.4884235597573,1.66932729647618,-2.22429587815483
"420",3.77735774524821,1.56870281066093,1.75507682325985,-0.652466016792956,-0.0912165732123962,2.03331604539513
"421",2.55997721691505,1.66995402881522,2.75332999587868,1.32934298992141,0.738156957026334,-1.24197414928714
"422",0.867974125559495,2.36301580735074,0.889340515934085,0.939063112460695,3.11524336594667,-1.55490579477377
"423",3.6126891107416,2.32819598742904,2.35708610281011,1.88020698532289,2.13785101855188,0.920215655843394
"424",-2.06789470430343,1.10899491596209,1.02666374899722,1.19783025452134,3.27254279862041,1.33597985534384
"425",7.45349505464729,1.86068552350349,1.49874101096304,1.57863439115762,1.88215109064046,-1.03494170298984
"426",2.64133493261935,-1.06363776531571,0.981332296271756,1.22615724578217,0.371509674904237,0.359953749754897
"427",7.41727125546215,1.79668399815925,-1.08772799398032,0.569210533340186,-0.000916545290471138,0.503021726857131
"428",-1.85537008854214,-0.753626729590669,1.50224177263907,1.2577377755335,1.80987691452801,0.827131506057803
"429",-1.07526235388483,0.716416099703781,0.087776275298186,-0.0549773912922558,0.831098517608242,0.412577005180034
"430",6.33358752880173,1.97979723897202,0.283463278702847,2.06537363579604,-0.218421459033154,0.652922518859612
"431",9.51948097136434,2.17691432224081,0.473562075965407,4.29495324398865,2.03901676938509,1.60996388507131
"432",-1.27692287624037,0.450660888471878,-0.365074133477688,0.235536829258888,-0.772604158637172,1.83867016390858
"433",-2.16142200389209,0.630898260621105,3.18548704058589,0.199835745596495,0.570237386755402,1.95084543749221
"434",2.30537089388888,0.14279758589024,-0.0121936641105542,0.763815807231373,0.0796110083058367,0.718878896238895
"435",-1.36153081118336,0.854808851098424,2.53587092892453,0.7203857625305,1.6572547550743,0.0270409333956606
"436",5.89096012013686,0.801784966678415,1.68834027749227,2.07673725436561,1.62482876394901,1.20944317300229
"437",5.27755391959636,0.457895919005066,-0.457293479966637,1.26443238814627,2.41828700279232,0.661531981746315
"438",0.939821674107445,-0.0385417522933837,2.19205925338256,0.309846268315419,1.17853374312288,1.7964912247151
"439",-1.63407286731189,-0.466739901062679,0.301866149599219,1.17695696904676,2.38092479866156,-0.218843708498297
"440",-0.474405929814928,1.63200273791084,1.630513516569,1.05005592915542,0.70369070026974,1.91743444714699
"441",2.080855622393,1.61841746704798,2.22521061637833,1.83598644851146,1.55136496559432,-0.0992921746909106
"442",-6.44678566985774,1.93392120176466,1.05622622364725,-1.47048579413371,0.440159152917902,3.27296240939583
"443",-1.66725791150812,-0.504363874034244,0.552703189581105,-1.07654838742743,-1.08832023571623,0.963000602504029
"444",2.81172880153045,1.05150468457493,1.38237830389622,1.17435079695365,1.24063126262073,0.609681096177966
"445",1.26347872460093,-0.910906637033969,1.5469802490001,1.01116712727492,2.0575465907822,-0.337534267319516
"446",7.88014072799651,1.53919378992133,1.18083790433226,0.765428498904932,-0.220501128360487,0.805047255600315
"447",2.29553433898486,0.987528741792998,2.37243839231085,0.718015432623851,0.911037903511521,1.83571669052721
"448",-0.840538098839072,0.647109585001428,-0.0555397473424684,-0.559564712180473,2.85551889092579,1.16401843257761
"449",6.5921698944249,2.70134066769214,0.975918358191272,0.390727606475475,1.69512339877339,1.89059408198366
"450",-2.74158329774089,-0.11792990637551,-0.282316068849902,2.47748520514941,0.416831151194365,2.61628448474383
"451",6.27777095211784,1.10423937730832,-0.0831861081048806,1.34181326075216,1.17432862017952,0.0831313588944974
"452",8.88257508996387,1.62831006913111,2.03950797060555,1.59619304741257,0.265325265466474,-0.205480457501016
"453",5.23338605883597,0.024399636123117,-0.927766833105945,0.464107209606584,2.3548555967621,1.46925256618223
"454",-2.6015487967745,0.146115983817029,1.21178394145917,-0.162609038263624,0.273852736188543,1.21402579637191
"455",0.564137552435011,0.328833818430566,1.44546855149085,1.85047345581411,1.11500916642454,1.01342380867641
"456",0.809814149093654,0.218738154661331,-1.26618133985321,-0.191805995257751,1.37135631165249,3.04227227715923
"457",-7.70394640504017,-1.12784773376222,1.03554156569294,0.263264820207488,0.596986561815402,0.0358428164942179
"458",1.75261361532458,1.08762499541998,0.566671745948196,0.794338512335685,1.06560616626277,1.2605352864575
"459",-6.69104317430501,0.199744782141839,0.865503765605307,-0.714444215076846,3.03488866582364,-0.198618597531659
"460",4.45787065962416,0.604228429738705,1.95419917167269,1.56199810908657,0.993682372361518,0.553866091333675
"461",-3.15211283706762,0.310136391405568,-0.950608767848024,-0.217786285213491,1.41006254991496,2.29689700594217
"462",5.10348096730874,1.42263788437578,0.706526783016588,0.976548011507515,-1.3325689007712,2.00148206501636
"463",0.573215248072974,-0.720037733733764,2.65817066201453,2.22955976676012,0.423470192308453,0.229802131881192
"464",1.6118983784723,2.6728589062444,1.89722667711671,0.00203639448785675,0.44360442250722,2.99995842994262
"465",0.82426635681866,0.477809840738578,0.234840626202625,0.51730406146077,1.91304693258564,2.32941692889521
"466",5.669850222183,2.05011284058448,0.916254449296821,2.1479802585984,1.48017186737716,0.624295326265847
"467",3.78658498818711,2.04338180379102,0.438866083684467,0.914528869659765,2.44948044184838,0.164244594364492
"468",-1.47538445614371,-0.133055723135064,-0.256462883027621,0.624628653781869,2.2963913666605,-0.668730033796731
"469",-3.30339519068425,0.682853104550924,1.26793987109175,-0.0306956314027289,1.24106310136862,0.786066540242259
"470",1.48686522844226,-0.0670650967891306,1.00051718862333,2.47405616903355,1.0899344321817,0.735496288704534
"471",-0.321028632476605,0.83019154131594,2.03603949771068,-0.765190972646969,2.05161269631694,1.05635765198057
"472",6.92343239856003,2.38872384759561,0.772290825921759,-1.17942563178545,2.00103571411205,0.16094673116647
"473",0.0886446492740269,2.37576467028531,-0.58950317406046,1.61627610456738,2.03731932705586,2.04814851379289
"474",20.6815440079266,-0.796743095891955,0.926445187135588,1.02577945180543,0.103556336674739,3.77410224603099
"475",2.73747772446171,1.28778779647339,0.848393922494605,-0.161095453017603,0.653416340058492,1.11164041311363
"476",0.347250461264643,0.39870723421855,0.520961107878592,-0.399574754763993,2.26836915792574,0.847194705489757
"477",2.12935278405255,1.29755559702639,0.433648491503215,0.162593973755773,0.473448094465121,1.36775717040115
"478",3.95696394405516,0.639983617499696,-0.485403479272396,2.24123074428773,0.271947285413942,0.668527762244298
"479",7.41100202103569,-0.0843118633069782,-0.436133706489773,0.682485545118396,2.01964428117241,1.86485145141363
"480",-0.463895101010275,0.831363534700346,1.7244410159364,-0.322495959933754,0.625598595403203,-0.529445216263196
"481",4.69819973162773,1.32880969307841,2.00593184376889,1.15699131633745,-0.168204858973183,0.667990193673873
"482",12.950342107637,4.43751258978665,-1.87651427200559,1.57816626226455,1.81433911917278,2.12852739862385
"483",0.631983276392357,0.912487481137938,2.10733485351392,0.930026878246556,2.62806582536952,0.361809714711679
"484",-0.564928921977104,0.730382635990066,-0.330883158648755,0.452614656541143,1.15563543503362,2.36166958057925
"485",4.62309817247622,2.36249499964146,-0.969813636825029,1.06208587546175,0.423141602939986,1.5003053379739
"486",-1.35565317950718,0.268366799498154,0.921443182592203,0.833877730200011,1.23231161620444,0.0882711660263227
"487",-4.22215616755315,0.817634139552224,3.18929688367567,0.586369646091785,1.76763665249637,0.57015775174596
"488",6.3262645851979,0.964993704802876,0.800277286606233,1.67129534541722,-1.59248070858858,0.194529872991822
"489",6.65382274508505,2.13404386945301,2.5144577486131,2.6259642978997,0.120845839699409,-0.405296372390125
"490",-1.55492550079932,1.33443171531119,0.478814709254916,0.703159187545052,0.593995074270906,1.46254509354954
"491",3.16182907006721,2.12317233792328,1.02478114979705,1.44794582997508,0.946346174765926,1.11482591422931
"492",11.3218748101168,0.61982250046981,1.79560161535767,1.61064105252189,0.75369984373942,3.08825212705138
"493",0.613422499155626,-0.933356430937764,0.268671422196113,1.3687977072501,1.45520544858415,-1.02346013818615
"494",-0.786118175818594,1.14727341761326,-0.0153839336335564,0.816646104894292,2.11002070653878,2.04850244966461
"495",3.83816360193464,1.76126577213361,1.82785058481953,2.07114505246849,2.47428484297678,1.42503011001711
"496",2.31736220913658,0.900232649521837,1.5237306715702,3.50621999153549,1.30288105620554,1.56833773623976
"497",1.19350341395645,0.807934937086416,0.0773647540796677,0.201699666292399,0.324731453588429,2.28268800575663
"498",4.77625865275793,0.743764922987297,1.0573287961242,1.11509952077346,0.632833425264568,0.86017633959725
"499",4.82772233671217,0.583781756636006,-1.01637896539488,0.709849686386831,0.00999331498062728,-0.787071225076862
"500",-3.33159622887899,0.490646272698,0.72676006631606,0.368393732714762,1.79274343062977,1.051109085227
