"","V1","x1","x2","x3","x4","x5"
"1",9.23454120459986,-0.0256725251723675,1.09362017559512,3.19843448990789,1.31369571441047,-0.743558527024303
"2",8.88402364300346,0.922962490305377,1.20782788590813,0.247645875028105,2.30980956661465,1.54992802808516
"3",4.3326159075606,1.11847811325249,0.392700836418926,2.26834240659975,0.879499038202973,1.35594715822047
"4",3.18654756023273,2.62218446989585,1.62987209710935,-0.0811644809729108,-0.457414671165921,2.37054074512276
"5",-0.911830335911565,1.69208377033845,1.45022288961777,1.2619721410673,0.0363335131447732,0.197358800418273
"6",9.10153642818076,3.31496711401198,1.6396241071879,0.0641381730521015,1.63306975944852,0.252391963868922
"7",-0.326516005032785,1.42566773900702,0.64987253997072,0.806517427243509,0.0408653048059602,1.1530173060256
"8",2.04232288909747,1.65018035620587,1.28092455933012,-0.794130277783742,1.60153536853364,-0.038272320350881
"9",7.80585440803539,1.21034117444196,2.34247366854463,1.27547724883121,0.0992595020032636,1.51605088974363
"10",-5.32143384322317,0.709413497806794,2.23889500370593,-0.690543294857707,1.77042887477446,1.61450977988756
"11",6.20338430745676,2.13898267719267,1.23868175509765,1.30948116187532,1.33839566660158,1.91970756732442
"12",4.43403024732081,-0.583062797627527,1.85789009269555,1.10773372105678,2.68881816757485,0.539255408342079
"13",0.736912118311648,0.801887545642264,0.761336629660206,-0.115687718906794,1.0360678278657,0.903609327641744
"14",1.97303377337191,2.29507065460925,2.75061005278517,0.451388631794103,1.97401608602159,0.376492814590475
"15",8.68830837804979,0.802514142267492,0.367806193864577,1.45163063467379,1.75399628630972,3.23332967011372
"16",3.25268323995111,1.97724873701774,1.39226756690537,1.9246746660669,0.403571181143574,1.04376231904848
"17",3.45453684552983,0.527819677047159,0.29597273313699,1.51074661377048,0.738794677133901,1.76282640803849
"18",-3.28907128696219,0.595210106798309,1.87756734854763,0.222207044791979,1.29213012780002,-0.768349346981303
"19",9.28831262621245,1.32510687407732,2.29380816856552,1.54054556702998,1.29792188643054,2.42519303113703
"20",5.59201987241011,2.60791711439707,0.310175276477683,2.08028048037725,2.00793027005392,1.49811974547039
"21",2.87835355791728,-0.230843701490916,1.02188743213145,-0.0911860744197213,1.65083059143475,0.673552713731699
"22",2.93331592395405,-2.17876497195059,0.566572187238226,1.79059267656481,1.79476498471193,1.20455549220834
"23",9.81831659893056,0.991561476410799,2.48933185688251,1.18212314194939,0.290090772161708,2.00326795922238
"24",3.9133131732155,3.68781821370608,1.65221608860966,-0.0935017701496312,2.39373859859715,2.18055263987595
"25",0.0822873992638034,1.879619787886,0.399365978300374,0.859389784396602,1.74300848653993,0.567800914658755
"26",3.06025343566823,-0.15836248849762,1.16215643090275,-0.198832007929427,-0.515858694017101,0.9804901157486
"27",3.86791687561919,1.10343643177724,2.29607129068065,1.17827752452017,1.1199126482428,0.175671137773469
"28",2.09460519345143,0.230481121514887,-0.899939141995385,0.64464469075942,0.861076576452924,2.17598613727815
"29",3.97838745825221,1.30471279170458,-0.0859305988801671,-0.0108262472093716,2.30321302215234,-0.368161502088019
"30",5.35471868348537,0.160535420588349,-0.792513282199198,0.124191514634268,2.24451160040284,0.585690814945772
"31",-0.118550119571458,0.373671129806889,1.58386564164266,0.773180159496295,0.841339625590163,-0.156998874380523
"32",5.03603207410889,-0.246561550786051,1.06369588250425,0.741885332408971,0.00606985599699106,1.80921877109226
"33",8.07368776354636,1.21884147840645,0.0634406174806231,0.624861297255115,2.35010409487241,1.45154414831097
"34",5.04676651589116,-0.429548726573292,0.74825750270234,1.82877439902318,0.388510261231719,-1.30583549647239
"35",7.03410931114324,3.16077652867418,-0.176062133331281,2.41797339405292,0.481838293713148,0.178255054091271
"36",4.31026468962524,2.50987858730456,2.62284223367274,0.766389309934671,0.606440913319047,0.602065161358114
"37",-0.459198334265162,-0.287696144469931,0.652991562829325,-1.23919848665161,-1.09944328177351,-0.128020610384276
"38",1.52231560532554,0.441255779086354,0.442156230281021,0.103487314304096,1.22136805025786,1.3592908569764
"39",-1.93760527177044,0.813484092445828,2.38071376193277,0.906444069119089,-0.423615191778749,-1.00289181041
"40",1.58118802594706,-0.230867120029682,1.64091224673348,1.904492700298,-0.478360290613369,0.775945378677172
"41",7.87263466237654,1.71215778599307,2.27865709995394,1.97956049466504,3.23686887138687,-0.445156829101792
"42",6.08406923007593,1.28698647861991,1.34915342155521,1.25655494950135,0.66737581948617,1.12926724910969
"43",-0.640914741299885,1.35318378793421,0.649922635151112,0.661995648027217,-0.614320443606728,-0.645911466909888
"44",8.22773170680348,0.207952566482274,2.13625424281655,0.289452828040674,2.32888300034595,1.55077259184905
"45",6.33435604112668,2.63816201937833,2.41054834371418,1.03206773062015,0.786119615134109,1.34914103807426
"46",4.24695485715283,0.467220179625382,1.58321739132354,3.40502004268668,0.611236492283918,0.809781130752232
"47",4.29671626470054,1.3318132768751,1.71141758180957,0.783354042674507,1.30180429668842,2.51576226753098
"48",4.93246223515195,0.396528700268108,0.828014874461598,-1.64637170150567,1.40611161674684,0.637201323082572
"49",-3.18783480071248,-0.319843490593129,1.62657510527832,0.175775662583397,0.825569143366449,0.336954626067942
"50",5.15484893705321,0.142804210223513,0.149616035678433,2.16850108448621,0.0557946731937941,1.11598820066075
"51",2.77973621686499,1.9764967503798,-0.408362968819876,-1.30552739392837,-1.11619900076396,0.396607737278616
"52",6.87492772989531,1.82972913683561,2.29171553901366,-0.363884381208642,1.02265029980609,0.518470304917548
"53",-0.751786700341181,0.631711983294909,1.05409566270359,0.57473793082283,0.057912356880191,-0.156539210152667
"54",2.74856860191179,3.27715490265181,0.710970070779643,1.72796361308495,-0.119646933818122,1.39700920757353
"55",-5.34113054165752,-0.545130945254872,1.11920299908522,0.014810710339505,0.784419713994992,0.80203981919269
"56",5.14957924096554,1.35294331480063,1.42144706297415,1.33807541251294,-0.0922427607185772,0.918899865615803
"57",7.81115521083611,-0.443792150179391,0.440001207707194,3.39874692810582,-0.199057813615742,-1.18443011882858
"58",3.94541654047376,1.39325631745271,1.70135923872593,0.837038979561416,-1.28712997566182,0.14554548216078
"59",5.53704567214901,0.764651688345055,0.476241524767011,1.24931279802098,1.01077114261814,-1.06280649782719
"60",7.092306676788,0.734585060038249,2.54680451248735,0.602963796103263,1.08384054446543,1.00736863311783
"61",-0.886712735386373,2.61431811466125,0.021595848716354,-0.183629762295652,1.75734160236109,1.30182579395077
"62",4.14731240291608,0.380530329587101,1.06657234946646,0.466517338546482,0.925453939037663,1.16309658589799
"63",8.4533585468557,0.788915280162956,-0.207097283652825,0.547104169832819,0.702764168478755,0.509073280481492
"64",5.71436434304939,-0.2511967547691,-0.776264122627658,1.72861899888434,0.480014419881464,1.06438166554669
"65",7.80870290365824,0.891419275462782,-0.648919206507927,2.66317402403401,1.1656481390114,2.01579338884141
"66",1.86421286436531,0.195203283296455,1.11991874812324,2.4415537198113,0.0224174882066721,-1.57078482481588
"67",3.01603165356952,1.48728356803664,1.25087332325296,0.26339753736096,1.53604617743781,-0.0461633783714632
"68",5.52739918328924,1.88577019290815,0.640086611443591,1.51496107408798,3.94801441337214,1.4398069491578
"69",7.31223824063118,1.41485558872597,0.0420444463818,2.10483300188801,0.691590117364642,1.65419215449586
"70",2.0463282505645,0.334596113612795,2.89218201312805,1.14959201187525,3.39671088245162,0.574657447207895
"71",12.0383214226667,1.06860883109667,-0.249833103116161,0.223421406551249,1.08323108459123,2.15314277607833
"72",6.51963853066553,1.75540888347058,1.24921346388369,0.113908112156419,0.828727937619811,2.37099710149958
"73",-1.84701602192767,0.753600445734147,1.55057707618133,0.194792889411038,1.9224332985269,0.775835168010196
"74",-0.505191065447392,1.11800598258346,2.00470269296252,2.16282811166337,1.26909411695806,0.995421245825341
"75",8.8433167946263,1.5590916898536,1.15741777981218,-0.0312883442073968,-0.269412424262774,0.257906760034343
"76",-1.79020326780414,-0.0901084780471304,1.86656894813825,-0.57260598068478,-0.409428005267076,0.90896341724151
"77",6.32804184804957,1.76184488803012,0.160687072773623,1.91381963099467,0.670065201889556,1.33045961338384
"78",7.76304411622347,1.03455996642517,-0.564396677142319,1.8479181848824,2.42145493511872,1.53049348938426
"79",5.36053207791126,1.29046346718539,0.0554238756285342,1.51791030170626,2.41265259518302,0.885573762817205
"80",-1.89756701396914,-0.937696085548766,1.66786765732968,0.961459018816088,1.7582516170806,1.45013948695163
"81",7.00907341917653,0.124967938226967,1.38372992393972,2.12343273812988,-0.0563599320993102,2.58151190351024
"82",5.98670037855613,-0.279297350699568,0.361023515752938,1.6485892274025,0.706053388335583,2.32023509879778
"83",-0.0312246168824242,0.236295023070459,-0.105505318586695,0.663946220031685,1.07989075972749,0.61989597692627
"84",3.88537228019396,2.12472464673759,1.02981521066706,-0.360664816910138,1.32133714636941,0.273366279969736
"85",1.04007899247474,1.22445359465039,0.589711828766306,0.804722721546127,2.24946430798673,0.167534761411829
"86",-0.361744160431419,0.782418385283376,1.42128599214122,0.575101342564883,-0.218127265672639,0.513911990919841
"87",4.30390329351766,2.01900255491699,0.0456557263717561,2.54035681962066,1.3142342384135,1.32807198586556
"88",6.46977278506259,1.86314862982164,2.03554644339827,1.3672447093024,2.198600428817,1.03520333236972
"89",6.51303830985383,1.50049349260921,1.30552360374674,1.96130563467026,0.53162985517431,0.869798135598049
"90",2.99832902663783,1.61012317601112,0.12927894038299,0.154854863613274,0.81383499863185,1.06371076128056
"91",4.3559903582658,1.34848518010788,0.879105837653459,0.753498593630184,1.35813655662328,0.37739795534728
"92",6.87732911400905,1.34965516968575,-0.308906980603071,1.07108893051977,1.15835072594414,0.974250043540543
"93",4.44881056939587,1.6030106710026,2.49168985469195,0.819295175065971,0.619892128691025,2.16613152828972
"94",5.55785066198877,2.6712208980691,2.20574073983501,2.05361125003745,-0.460539636108974,-0.103137837364864
"95",5.85461330262816,0.460474010577201,0.894119844184263,1.58361067954834,1.95067329957623,-0.00984913620802041
"96",1.51584518563669,1.24958134402362,2.85506854735611,1.37310853422733,1.4700480703241,1.87267461831941
"97",1.92616828043556,-1.47614172114222,1.07488559892125,0.748678161438305,-0.583330164689666,3.24704484531054
"98",3.18858064360837,0.963098756113024,1.50830161155999,1.29950233416095,-0.147763336655495,2.5041061804723
"99",11.7235655690458,1.8589612633649,1.20256153862175,1.20237050352476,0.698101663352725,3.173438175743
"100",2.59674493228778,-0.136606519762726,-0.720010367364374,1.14772891440782,0.257754168526803,0.142876378265263
"101",7.65659493760128,0.744396204024704,0.847933544011913,-0.236082205164064,1.1166862898171,1.81563057854923
"102",6.96590926276623,-0.165137590090241,1.04307439084579,0.605434356210149,0.951421801234796,1.13517882339663
"103",8.28830044494805,3.00971885450471,0.715987679955459,2.36779171978808,0.410445884649612,2.20936522597692
"104",7.20635377119274,1.82321411018744,2.1423060512855,1.85522636895507,1.9207120478659,1.51296178418885
"105",4.98211586355319,0.413805655549078,1.30015077174113,1.21917146498375,-0.675199449079479,1.37664605835155
"106",2.06598171319853,0.344067006969942,1.02322864935796,0.685809545660205,-1.56255714362529,0.114358854371803
"107",0.767720201996224,1.0746576127208,3.28434788281129,0.595941038765904,4.44509597137341,1.1782109076061
"108",4.6781183249678,1.62476387860171,-2.73678313184781,0.505612100001882,0.745240523774172,0.354356181611676
"109",5.00557416648669,1.5222596507934,-0.350033310710843,1.6696768177299,0.243650262474726,1.63757582437752
"110",-3.41275926218966,1.56183277641151,0.692115999288938,0.101060283569975,2.11920273620592,0.243310335962273
"111",7.63768239495398,3.04263675184127,1.81221887131633,1.19436565804212,-0.387373718559154,1.86732119603317
"112",8.48539729071955,1.34526356872412,-0.0986023835613847,1.33187483641015,1.72449494322471,-1.2527850125864
"113",4.77335218032308,1.24198695632722,2.82759658482467,3.80854515260752,0.818887932087731,-0.828930105613609
"114",9.21679102216115,0.588777209777953,-0.625577946617307,3.90057228393307,1.40039769876188,-0.0524739992619678
"115",-2.97759800591264,0.785388157128303,2.32712794211433,0.509706284128093,-0.114462108248192,2.01390462124345
"116",3.32553754055734,1.39850927738664,-0.565495022325562,1.3355258769183,0.331835543597567,0.317941370812734
"117",-1.72592015863543,1.34586598835863,0.915702667031168,-0.485955554110582,-0.564547501735792,0.252989372296044
"118",1.53055401348243,0.070408140198336,0.20634314812861,1.32094070558843,1.53549733531046,-0.352824384986235
"119",-3.52652140711808,0.217735169036605,0.9867584949364,-0.516471370623008,0.604515527180101,0.916875315772888
"120",7.74768272856478,0.204080089314027,1.18758779320389,2.61026788800115,1.60219050170332,0.371467678434179
"121",4.20157454444094,0.522587428262102,1.0026428036284,1.3053269537881,1.12425748686991,3.21471460084152
"122",2.57895680741805,0.510637440601987,1.73978615869138,1.26511670906316,1.75923600613185,0.0741812184142595
"123",10.1429349664755,2.34277401783319,1.11388432901599,2.5782219010101,1.88872803692586,2.0138988754674
"124",1.83582243077914,-0.240782147213648,0.486758585825912,0.195319255126899,9.2101797056654e-05,0.608434487561992
"125",5.54830018473212,2.67355121303027,0.39905748606311,1.26638105919534,-0.656073943578238,2.76190022128094
"126",4.09757636668725,1.27223555019729,0.754043129748549,0.877874983718384,2.3852322977132,0.0880382359751216
"127",1.77051583497903,-0.196976667624204,1.58636235771561,1.35975108633651,1.62449775445641,-0.270361381625042
"128",0.469735406132285,1.60896914610411,0.976882161847638,1.87573225169388,0.991442829930325,-0.0685297500963837
"129",3.05537637909836,1.74903277011384,-0.1042582250955,1.34881160846412,1.65484238304288,-0.194351437612187
"130",5.59426589403174,0.13134651230292,0.708567034080199,1.14025158416741,1.07134364553138,2.11184201231702
"131",4.3507605990439,1.75732156104371,0.249230675282569,-0.911567343439402,1.53126368579834,1.79874810337654
"132",0.0995649772780398,1.65004924103091,0.609112800024523,-0.0718654004412236,1.32373536720184,0.45194401286705
"133",13.3090178545925,-0.182243373416106,2.06253160728486,2.36745669075113,2.69396195432305,1.55976763076431
"134",5.88620621591422,1.69735758576354,0.0614358146566488,1.65293126301164,0.679591605161445,0.230560258299628
"135",8.89823057058501,0.0442364548354581,0.884203488041955,0.390944552153102,-0.354053990869748,0.84320126530257
"136",0.0434770799373714,1.10155524884109,1.26004006361626,0.252338139927431,-0.675119493920266,0.367696121398575
"137",12.0574842856394,0.696898685071972,3.07793653005822,2.66176438959094,1.34527228804437,2.51657884603917
"138",3.4007940836123,0.292644164309773,-0.214186032688057,0.812436288759971,1.44471690255409,-0.712245642091977
"139",7.15649887641368,2.01913976315343,0.590225799082402,1.06528742739088,0.105589399600968,2.05429399927644
"140",-0.451112040318821,0.520253761104227,1.87644744280054,0.619756924103885,1.39749980911863,1.06140217182444
"141",8.75014728143985,2.2874899877156,0.721238081394579,0.00439838942506587,1.58770919857439,1.11488678818069
"142",0.449765799909243,1.46163106162089,-0.346854824212324,-0.642744677155122,2.99485801715058,-0.197568697347475
"143",1.72299782958457,0.39957884354869,2.32700830716785,1.09750872843938,0.298471973593892,-0.347814080906344
"144",5.34992307187128,-0.707759062989156,0.546491243270482,0.47664644099806,2.57089617737554,1.93530841141975
"145",10.8630907742625,1.71161376932589,0.923247869418496,2.54824365131709,2.56840886408968,2.59739208076399
"146",10.3339104080566,0.837475335596325,0.799054073791193,3.73726963583188,1.43891996525427,0.447036805556518
"147",-1.83482377433834,0.947936716629913,1.30884138740615,0.067387836019749,1.60562280746882,0.485244916856925
"148",5.62130307514369,2.11655287202851,1.65653929705616,-0.577618228090376,0.501667736603721,0.619812867997282
"149",1.80534000816943,1.28090523490017,1.84612757389917,1.38950020576227,3.3352428102634,2.49215218861714
"150",1.63364144143467,1.46007121165134,1.08562407491233,0.709400295066239,0.675119983043992,1.94843705599715
"151",7.25286775948203,0.400385723073196,0.222653658475673,2.33521284533857,0.702351748807051,1.33745857813813
"152",4.07869677550098,1.11299266280622,2.07075341983079,-0.0682440268009279,2.46204210332553,1.49220802460588
"153",7.24897114884834,-0.411993361232085,0.537135302976974,1.98296614623983,1.6635950519338,2.88820377519566
"154",8.19241637612534,1.54231505056193,0.547426112590434,2.36427531660756,2.59610879561255,-0.0609907385159638
"155",3.40012118631604,-0.791052004125352,1.49023167638233,-0.178647444057125,0.663221814892439,1.58709519486414
"156",6.36835388548115,0.871856841620012,0.0177692264191845,2.42653561365396,2.30375610694633,1.46573616989261
"157",9.40736732439262,2.60617201588193,0.965994512827041,0.122115060091237,0.569827331386887,1.85421244166793
"158",-0.194185597969836,1.04456374866918,1.39128674628261,0.135590367976814,0.0520474294758747,1.60836595125897
"159",10.0736187359159,1.03865438180114,-0.569496928240159,1.00066300513465,3.55592335221648,2.11944283782637
"160",1.64161891754851,-0.792119995874935,2.31694875798039,0.817321598642114,2.25291871602908,1.25952762526536
"161",4.17904280307396,0.224248988925766,-0.0570683960733267,-0.40961362565245,1.49890944277597,1.23456702096897
"162",5.93238671323523,0.494453121864202,1.73319815654883,1.68749263372704,1.49040685016663,1.59030641442073
"163",2.23462381803534,0.53231391389598,0.813480539684024,1.25076489396586,0.112420751182999,0.912726020272526
"164",2.5935534767584,-0.32876968688494,0.255937790409593,1.60752190723907,-1.00983757498631,-0.173820619089158
"165",-3.53622375645226,0.399342649959912,1.52320258679764,1.45311524228625,0.574132405166863,0.955049235919915
"166",-0.849366418698823,0.812165805552874,1.51789607916359,0.896868437977565,-2.06035328111155,0.978348489361972
"167",16.5955565953219,1.44694349723084,2.45963378768145,2.81102968801502,1.74697783794463,2.59273367615202
"168",-1.33767471030064,1.20474178355142,1.08272226677805,1.18337270573279,3.01744292536408,1.37900466410497
"169",7.2816466838293,3.10654329486002,1.13317288185066,0.97155821375575,0.415847739608766,1.19260771147272
"170",6.75585133137119,0.281476280374038,-0.58915335339976,2.44125403125438,1.40605784414319,1.63140249287949
"171",0.561445320017173,0.847165079372876,0.950579311746195,0.900977901567437,0.724474879074125,2.36622714199982
"172",3.33266655775357,0.398184672430683,0.373539518525717,2.56052249587015,-0.934271499314831,1.08777897853906
"173",10.6111010562482,0.788604405723153,1.37300237874668,1.17122745270107,1.16011560566975,1.8636290445296
"174",3.13169164496409,0.557031353309295,-0.264661802750013,1.75432775069681,1.40651910811139,-0.447487396580125
"175",6.40574553092569,-0.0884161785970976,0.956084893713656,0.850506063070083,2.49341313360698,0.617528104166281
"176",3.93491353790406,2.14977777275931,-0.232211135887833,-0.145971854133294,-0.305518858941791,1.13127010870427
"177",2.41555200877186,0.173059771937718,0.0948462990125946,1.49551890782492,-0.710420931225781,0.665094095174322
"178",-0.622698551432108,0.670048858750743,1.42190880235052,0.149097245695137,-0.642702970913945,0.866855493106939
"179",11.2499072801633,1.17094977989568,1.98944509929641,0.325951030619225,1.66225366125752,2.00086218573589
"180",2.62775655723541,0.646477686349108,1.69389627690102,2.10976031743072,1.11824668120849,-0.322262519543651
"181",1.79479186802915,0.522734228325596,0.0877613398584928,-0.0250161500619073,2.34856576618343,0.228817745941886
"182",0.649187030828368,0.461432494339556,1.05905274478053,0.505299974247921,0.269862510853284,0.68973090772787
"183",11.7085151026529,1.69140262848362,1.93645182616004,2.08391502933268,0.513267336329357,1.91839433063225
"184",4.91302904108902,0.246136674465091,-0.460271148376544,1.94272166991691,1.56483556273202,0.237894618137975
"185",2.41640290171889,-0.201501854510365,1.45522951240398,0.653429515570606,-0.0490032993940599,0.00793069164445126
"186",5.93684106611935,1.10238952028417,-0.0173204158041458,1.71617691723827,1.19441376661684,0.570355996031857
"187",10.8232820953754,0.934886186174136,0.611221594575325,1.52717476494679,0.840891147252069,0.60533149931942
"188",6.37741605436735,1.63987805563618,1.55389104093985,1.42242073917761,1.62583433051028,-0.7126447899966
"189",2.55856020631818,0.818436014185508,1.71221718949932,0.906566696181309,0.98102367298,1.66535990916659
"190",5.96686985096929,2.00601832007395,1.75445245854891,1.17412381271041,3.45147673596152,1.83472857657384
"191",5.83843310307785,0.462342599306199,0.00946685488898036,-0.619856223827542,0.164879636899081,1.30579203147522
"192",3.50277347683617,-0.470022545739232,1.0145463720012,0.791854022044919,1.53257536126143,1.62733319703038
"193",3.75200062692341,1.27464005161456,1.33631077366565,1.37846940621141,1.69688142442728,0.410475881534628
"194",5.99070504005209,0.686568525517322,1.09733150441655,2.24976075317095,1.46577252632964,-0.23677080282114
"195",8.83274994374597,0.623533145644386,2.562919320592,0.24280623603581,2.00256537320575,0.29473156094346
"196",9.21725733161452,2.31294356507585,1.75045155981468,-0.350242637897175,1.53962978316541,1.09380118107133
"197",7.75681404303345,0.974786467798203,0.672079431175052,1.13323464328773,0.0290459825515446,2.21270583420837
"198",2.86725386627059,0.524489476711154,0.238027558377272,0.158200177561813,-0.176630576907774,-0.227651180660779
"199",9.57077047102888,0.652848090815133,0.222921254916139,1.86612067146843,2.37845692717445,1.68490007284817
"200",3.22528959667935,0.945490778004442,2.08893099137306,0.000559063599865128,0.420774510426957,1.83972961859439
"201",5.24153994824568,1.090382833877,0.62804747854817,1.28367384899753,1.8507515926508,-0.755110050496427
"202",-0.190467415297229,0.190265897574662,1.50152103548149,1.15328338975146,0.0235763441435676,-0.0642240170002835
"203",5.6261429587633,0.493653129560277,1.48188586577712,1.18753601586085,0.221967961039032,1.64523121023798
"204",2.50488346100666,0.258632142557676,0.0133738233684592,0.732018483573213,1.65576492912661,1.31674301628374
"205",2.69284499358249,1.91763020788141,2.92563205881058,2.15807802757625,1.127026030078,1.699890689601
"206",7.07978226336858,1.88402244989502,1.27940256237339,1.29451536815675,0.695987082230551,0.693152235065476
"207",6.74037811992613,0.0667122838742071,0.535356660898291,0.819877163675318,0.0912665969772288,0.85399333793084
"208",3.10979389246756,1.48639018256623,1.52237106172757,1.83593032186717,3.34544846186804,-1.14485486811149
"209",7.48949622937389,2.46424350496827,0.775611562708891,0.544707737691733,-0.862382666611556,0.443188932150607
"210",8.15351979594455,2.46099515322015,1.29348179561822,1.36963395915747,2.21940939080113,2.20240151031999
"211",9.860829388018,2.53217041205218,0.705239557865277,1.03664503936603,0.817808847517438,0.799611327715149
"212",6.30129204794159,1.55571606354899,1.14154971501049,1.95438948498361,1.49092096279566,1.46799879422801
"213",9.6264990395548,-0.0642528898429582,-0.881495399667497,1.86360618530686,1.29245959949328,1.23424916506225
"214",0.959045211048701,1.04217262217627,0.5865880780557,1.18866560018681,2.11051624197578,0.681791262643862
"215",1.15642431558733,1.37187275360485,0.431051876618917,-0.652639180415359,-1.6144838556497,0.927271625948644
"216",2.75618876520467,0.814557179158572,1.80995762392987,0.529847029445715,2.81804353656076,-0.990769951103914
"217",3.90935633454045,1.94527230652336,1.12660050607522,-0.552678527963375,0.950922475565472,1.64443121510717
"218",9.02941941084288,0.376903718655072,1.27938781299705,1.47689271096984,0.443527018154885,1.87843709785704
"219",5.12542156817252,1.57598765776779,0.865732142120645,1.38934586247813,1.6388983994324,0.407920200829749
"220",8.08332093853574,2.33250680466138,1.78563900375949,0.55224496202302,-0.0124417609014329,-0.18752975619498
"221",4.57092079029859,0.421262502838199,-0.20211205978429,1.4921498810704,1.78929601301725,-0.155753114085106
"222",4.62600834060015,-0.603631073596139,0.979120897831347,1.28172477399513,-0.0187995202788249,2.15004527095013
"223",6.29138388601675,0.0813215665090997,1.83695440482264,1.54907366086797,2.4870313154966,1.4090993153261
"224",5.38672395572931,1.15307379589855,0.662780899242262,0.507501020501786,0.93492386208176,1.11737130586899
"225",7.3023708388219,1.01367779575465,0.74858335271348,0.991675760368497,2.9460465963395,2.78569300597195
"226",2.16637867284326,1.94326449991433,0.426517956257247,0.400099953065214,0.963065347915617,0.442255013974139
"227",11.0878967128689,0.673853225360421,0.21365560620693,1.77396574194223,0.181345113034895,2.07623423664824
"228",9.38867047575652,1.34691408870527,0.459823589526637,1.68630817430226,3.67743724633829,2.21156585736261
"229",12.823070554532,3.17663922819471,-0.191525646538109,-0.457449316669502,1.18701408179117,1.50815187234608
"230",3.87152044593774,0.444566939145296,1.16956263412896,1.54443416094834,1.34527910264452,0.590059373009561
"231",1.38721031411404,0.0173753857507598,1.9424194531557,0.626550960807636,1.25439873195247,2.88222990785976
"232",5.91701536575709,1.66406288761164,1.43581896701092,1.56663437518225,1.83358445241631,0.808301114659852
"233",11.6450820257484,0.778054396108652,1.97283696007913,1.06062326036813,1.92185043022911,0.709593593389042
"234",7.33710448376867,1.23361076423637,1.28449571202623,0.570313397837502,-0.0386209029527014,1.62245597005472
"235",3.09121363224321,0.163701447483269,-0.770630007366508,2.79056868143636,0.939833140608366,2.35307441943752
"236",-1.58984184739192,-0.164969434008964,1.61919057022146,0.195233103000003,1.05974922365246,1.00521719763707
"237",4.54875106852251,2.60484487402088,1.57369298660412,0.156989337526264,0.36120870230287,1.66203738138607
"238",-3.41397375890306,1.16093815133012,1.74739301114645,0.830756931832954,-0.482803418286458,0.794858460144698
"239",0.970805688991375,-0.483426367472445,1.95829729211695,1.423016166146,1.88093036980415,0.674275205359568
"240",6.79130288120071,2.33160202232248,0.437811895826812,1.0002559727334,-0.592956841858848,-1.12546950207049
"241",6.30520339455828,0.61625520374097,1.79648281128817,1.09278830671714,0.827007329780511,0.77106719802155
"242",8.51211249579588,1.49871773677166,1.34247186198942,0.666201620584124,0.159613573657135,0.327486445741036
"243",1.77576955935655,2.82446035948765,1.77711769419751,1.06542398700041,-0.326821100856763,1.17616206828694
"244",0.49041211071393,1.57593030658457,0.47476641091991,-0.737190965948408,0.358678483824858,-0.916802324665908
"245",5.26124993155648,1.90130097626932,-0.476850677740373,1.84948413395456,0.805987228967152,0.268677155652854
"246",1.80606398210073,-0.227099036523906,0.986533186327698,-1.16324085288839,0.761379155542044,0.710330634356154
"247",8.83349544650554,2.32598638173485,3.28690379792821,0.942544559841709,0.981249622673649,0.295381463334879
"248",-1.39248776551106,1.50460559115891,0.782792218497434,1.01415940894412,-0.0674241692511837,0.812506819326222
"249",-1.78630971366911,1.23892938712742,1.262655812496,-0.226092257419326,0.482037264111973,0.149132355952293
"250",7.16790513658961,0.45733563870737,1.04283488225037,2.51685694607561,0.572547013137037,0.610491204003099
"251",10.8144380598243,0.129936610808884,1.60350674782269,1.61986476662657,1.07728778155083,1.27965711070243
"252",4.32876716635081,0.950495872033374,1.22251570219719,0.352472441752957,-1.31519065140527,2.00022260386741
"253",10.7928777078815,2.424876031988,0.61217625575299,1.19985157803201,2.87994283500353,0.313506261456954
"254",4.61138888041353,1.58989127246964,-0.196775456261502,1.3905648219,0.898677313791296,-0.403947688131141
"255",3.95341465122099,1.38205227462667,1.32643428685665,1.04943888504858,0.412538206504203,-0.476159584103355
"256",7.69141331843281,1.40505712359224,-0.124134088143159,0.031934094279236,0.103549645602889,0.581590228750823
"257",8.86353709585166,0.940876996274572,1.95294754707259,-0.705133044539409,2.1445558663299,0.105727954316756
"258",0.448779753492739,2.00029962086495,-1.27681567751994,-0.983464981040869,0.198723358101387,1.12326894831346
"259",6.34005904312379,0.299545129126331,2.29919190824158,2.06656085020812,0.227008880060851,-0.692312933476447
"260",3.16936783496399,-0.442362365990264,0.405081862413724,2.40889317350836,1.04859644240731,-0.449658853636997
"261",4.8822813739925,0.978388592136633,1.19045335346675,1.57664976190157,0.937050443407621,1.85446289319365
"262",1.18502317215236,0.233621062083074,1.05341800129838,0.411701639384758,-0.791885484673632,0.977226232719661
"263",11.3954647706341,0.27029577642979,0.339174734578699,1.5082322783643,1.35026052964513,1.20622576707176
"264",8.15039535082196,0.345503072273027,0.993374722598502,-1.27700639028693,1.70091273221643,1.78577497187302
"265",5.84065621204372,1.00122717546906,2.49366692154317,2.33436612918356,3.10331915525704,2.03705000433404
"266",8.08763272273232,-0.116613961211371,0.321847098408462,1.69843766364633,0.400529913389202,1.75973195648089
"267",8.46476823089529,1.72305746262884,0.46362673483412,2.43371015241709,1.29692047967311,0.961511570459646
"268",1.20578976201336,0.384432267419616,0.4645917695691,0.419717394968759,-0.13303285894271,1.50458506958264
"269",2.30415942773641,1.91091526455803,1.99039047737223,0.816383411434201,-0.27042199777942,-0.184328345023172
"270",3.13349411539698,0.700883344393866,0.679288317889258,1.04400596621856,0.66289211284511,-0.254964054514504
"271",11.1469934233119,1.0734445736194,2.27761706439311,1.49533111663694,-0.562670724343366,1.93549714709592
"272",7.77343006748364,2.0750034423665,0.989706235682753,-0.41321856725157,1.62666719489922,2.19746546468444
"273",4.73382637648776,-0.478752019656689,-0.537003663993263,2.21072756856149,1.97990487954613,1.92108649669292
"274",-2.17999376319171,-0.553412537277634,2.90041467380303,0.989625960991523,0.0932393080437797,0.357497635799756
"275",3.35618038656148,1.419719765395,-0.219216702121677,2.12606243779541,0.254878963092297,1.71292671772172
"276",-1.94136337179951,1.55797794620306,2.33986823435339,1.29211557657616,2.00494131063357,-1.99539045834996
"277",0.966865592850217,3.39915973190544,2.20271137381235,1.24990886891152,2.14463652363991,-0.0714478229856383
"278",0.58474096272394,0.28735543548905,-0.341955160638989,1.13121547759347,1.38525937889611,0.786564655578408
"279",0.608749106317823,0.490832170267326,1.78727067965683,-1.10286004599652,0.149098939078177,1.34045637936531
"280",2.96409998693655,0.443879599964784,1.08602054315994,2.59771580645272,1.62904263583175,0.769466384909805
"281",5.77164326532997,1.54653393354282,0.99114708888016,0.814564382100297,2.10745529876738,2.60870062025632
"282",9.99385175032286,1.98766973401913,1.57420444817482,0.14264059422929,0.506267597738968,2.11224821792349
"283",4.52365035260559,2.82432233110364,1.64274517202079,1.88403114891116,0.704011457959818,1.91525279034571
"284",14.2745101516824,2.51435489914891,0.159616799664044,1.63908614271248,0.970965824792945,3.57016366479873
"285",6.29038950798997,2.07178766917811,0.394769655417983,2.1042889800408,0.0366788208524802,0.0934527152013088
"286",0.888500725396349,0.0386226226550057,-0.168266333976016,0.620412498293798,0.95398870444101,0.478282499585277
"287",-0.724165578309906,-1.41653644972585,2.62851579884804,-0.901524440213542,1.87730926632516,1.58479416016648
"288",10.4668150168317,1.35277100893263,1.2937926808721,1.76489759022366,2.08203867780168,-0.66216210987202
"289",3.31243959998461,1.10290640021164,-0.540289513011093,0.906298108526034,1.77505137588411,0.811774431482
"290",5.12895269065388,0.960089628313262,-0.376001225491413,-0.568804451114434,1.78100236216699,0.0522578600370754
"291",-2.33028567929745,-0.165078091511746,0.677126131298412,-0.151865718888106,0.982356077845399,-0.222911651816883
"292",-4.92290507973014,1.55398842626137,1.72870618059664,1.14810430929165,0.113194194572435,2.69640184732943
"293",-1.21386496694608,0.0961306550115615,1.3431072874828,0.481777620341296,1.7062412149831,0.674052844744504
"294",0.139830755599011,0.64003132656193,-0.828372626139876,0.728908286785829,0.196859782412293,-0.890840826553257
"295",3.73614962344082,-0.135993990417904,0.589678596240411,0.635966675986991,1.07811726347564,1.30115273709151
"296",-0.975855838919385,0.433973067895295,1.20492478273111,0.389196020315907,-0.990076296342761,0.268468962286588
"297",6.81740322891216,0.867158978498577,2.69050871085734,1.96825298819169,0.453972750130208,1.33423253423915
"298",3.08447580493091,-2.25615099590468,0.924773630928239,0.177226432424874,1.60156190442091,0.142834232359485
"299",9.17928191054452,0.66381332378341,2.86892319737048,0.308866217707964,0.204843817432363,3.31626867059881
"300",5.92340751343489,1.16434853328645,1.55738860255463,2.27852828853833,0.642555787825454,1.12673416162268
"301",9.59277896770487,1.98778275971179,-0.369110935092526,1.07790173375962,0.428843285090394,1.67352598535878
"302",12.3665640893112,2.67913823291627,1.43375200909381,-1.42499859340229,1.82407317610746,2.4334841183967
"303",6.84285111826198,1.02228418756353,1.27101527635043,0.707065557049501,1.87127602624171,0.11173621765474
"304",6.89955975477888,1.43333268596895,0.922053619863109,0.850588815501997,1.59444728241587,0.922129045211182
"305",2.14279160179078,0.0922102222895562,1.50833744272102,-0.211001134516162,0.678914620979309,0.590250128482252
"306",-1.63098512285464,1.35905423162552,2.14092902651849,-0.988526462629099,0.10202902176399,2.60454949096996
"307",-0.773082677470054,0.92901632568053,1.00573927437213,-0.472941425233734,1.23320184982739,0.305824013559117
"308",5.51909455529438,1.63181928714426,1.63399923120304,0.704707661519522,1.95997579290226,2.79926342211201
"309",1.80252141197161,2.03966891343132,1.72838345409329,-0.88597316098919,-5.02609156669553e-05,1.49633579499922
"310",3.15922591239629,0.270081877928773,0.33909082929519,0.375726880668965,1.34753876375849,0.221274309704584
"311",2.81126871648746,0.794368934254875,0.831601493315607,0.450728055095856,2.24240552813833,0.256669242855304
"312",3.17769964954672,2.9436936896222,-0.38152761430163,1.71762862949336,2.27221451600249,-0.231149431832557
"313",5.27275611223538,1.69530812520358,1.69118958196388,1.70152178437778,0.766440259036011,-0.272951164549657
"314",5.91958118760646,3.21434335178304,1.54709095613369,0.894868726996881,0.485806703181937,0.17209696775131
"315",3.22325714711078,-1.16162628026462,1.65803117364393,3.06929396478172,0.581922293903266,0.790005401764247
"316",-7.21462800397711,-0.439471608972782,1.52106889278903,-0.427197369105686,1.43384976510301,-0.503384287858142
"317",5.02965353427571,-0.492614339308679,-0.018902275532912,1.64140595900185,1.76296012973818,0.764498775351511
"318",6.74938730211293,1.60296004342223,0.0926922396365149,2.1849677916273,0.494970536454546,0.827765372284627
"319",9.66336560860059,2.03977472012247,1.1777761312053,2.00414718865837,0.251980283863131,-0.725436526802208
"320",5.30899762597912,0.759794769548566,2.02447608338827,0.599726755282623,1.44884520465701,2.53276450042822
"321",6.24993111552398,1.10682915173176,-0.604282547502807,1.12407882706598,0.601107312345863,0.504108548924873
"322",1.95611237502954,0.257565317461042,-0.972549288271025,0.793605667339797,0.545851936295856,2.28463031133282
"323",4.94888723504632,1.12867672642937,2.68307084562096,0.70667738734535,1.51419556427766,1.11769990254824
"324",2.9611871558433,2.36387999000433,0.779848548193824,2.31156181926556,-0.302156286255293,0.782792070252699
"325",0.129782602921352,3.34116842591384,3.30328801648663,1.26973417793502,0.741967195180318,0.669253565914729
"326",8.63981077299471,2.26114230822406,-0.697189226497744,1.91225318820649,-0.101108313420497,0.935629457892831
"327",4.26455597798766,0.480604439274918,2.5016576799496,1.7670140591908,0.568160878412003,0.861812411047954
"328",3.16032996971569,1.03112059626475,-0.875079461767151,1.21930918065945,-0.236237888868203,0.970921542613855
"329",1.87797137312546,1.8755105820174,0.135031534103362,-0.0596887605459449,-0.705499606423052,0.192589753136146
"330",3.6871663948597,0.705314941122472,0.995572009310768,1.50456230527053,2.19017276084244,0.798484575142399
"331",7.60503244957357,0.0101592864865551,0.803300027794798,-0.1945430490297,0.453473012563675,1.01407582358769
"332",-1.10969941615655,0.160058032361684,1.68368596495625,0.574312285640565,2.11813908945828,0.0541722473026316
"333",6.51478718153833,-0.804808036986481,-0.329027983602134,0.48745979129817,1.50858577892993,1.18618474266983
"334",3.67016200522529,1.60665453008596,0.991199408364338,0.852926860898975,2.31814313594779,0.988898310463307
"335",4.2822759794783,1.01484843328776,0.357234109080474,1.49591867983638,0.763587061169398,-0.593248742504766
"336",7.08135466120342,-0.257087504067939,0.252168360998575,1.62557058527099,0.744737285474792,3.00324294028504
"337",3.10467437660318,-0.0764648014997402,2.26257686894964,1.38245891040953,-0.0618510293930312,1.49796311613578
"338",5.53413708571955,2.13789520251691,0.0887339415032512,1.04270929739202,1.42757204252092,0.544560564568239
"339",5.88346539435237,1.30383470034473,1.4520561203483,0.680810445153838,1.20158747486984,1.6591896619728
"340",1.97089338201401,0.57953171811034,1.7386176409623,0.236433314675134,0.412383220288733,0.567231607760197
"341",9.97386522762761,1.97590651822458,-0.372128136743097,2.90135142844942,1.69009507733188,0.442874812024694
"342",-0.970417911170491,-0.398175721268823,0.233445659339745,0.695288135313145,0.122996266714887,0.922951144128729
"343",3.50229924971985,0.722900308994969,0.616258326995974,1.77192309574566,1.24217977749063,0.509701760359521
"344",11.6805383724087,0.238625719937967,1.92839142637062,1.38051019909396,2.50453285111497,0.932208837074317
"345",7.63356556228828,0.843248008031726,2.18822146319516,1.32167508611318,2.41663130580237,1.08019290811947
"346",4.20733599436666,0.31263593659088,1.02240871893963,0.338618189229195,0.626501261861787,1.08710220887144
"347",1.04015461710906,-0.0602694348292692,0.258782099340403,-0.0833302262891955,2.49838465159374,0.904382337939799
"348",9.03688573924475,1.83984514014582,0.857699600406887,1.4614634398733,0.94699534644623,0.76132045300373
"349",10.7497398290784,2.74553537939549,-0.408651001788238,1.80374903940235,1.1443045793273,1.30954147024284
"350",7.791492751152,0.367220244094165,0.853204753922507,0.447776592087502,1.00209221700269,1.67688583111669
"351",7.26854516389051,-0.100911226642516,-0.107755127505227,0.590129170188437,1.43663068195684,1.354146679901
"352",8.96671867435067,1.46457188209434,2.13452614625181,1.76905807232848,1.11445844850595,1.87072783876494
"353",-0.539178999190807,-0.729257824618417,0.565762462686941,-0.657435485939978,0.818505555694029,2.69831013970746
"354",12.8922111200588,0.261614987122084,-0.234350879608723,0.789515262584914,1.07515539796749,1.36329554924265
"355",1.8726675453484,1.72302742657672,0.95184473410321,0.0381989836301544,1.64677805332985,-1.41691975293379
"356",8.75676938675156,1.12857715473769,2.6476824141019,0.652273009061873,3.31775241127013,1.89277511637287
"357",0.761084197294133,0.627160715227692,2.30436191394976,1.83286177114109,0.683052400320483,0.788990636058845
"358",7.01333722873876,0.984281565205513,2.3573753449487,1.78263401715235,-0.0483295316500514,-0.118912478905278
"359",3.90716209267658,0.156523094422645,0.830160058673577,1.28122251506084,0.774106183200808,-0.70267346276705
"360",2.62626248770668,2.60629217876776,-0.126483427621811,-0.539157614882153,1.87387826769211,1.80182281596388
"361",6.47593150260214,3.60918964938895,-0.37936369683384,1.31206759219134,2.32710929337542,2.62176010783464
"362",6.429132171689,0.739664235426701,1.4736670549661,0.364375148819804,1.14602811010131,2.57135040348291
"363",2.59916711644468,0.977218851036589,0.226467330894245,0.209027965591563,-0.363420742784837,1.96549260378464
"364",1.26453414936222,0.684826269611694,1.14766878539415,-0.897338427096524,0.997734290398593,0.351299083605653
"365",5.44757618705931,1.53025910782193,-0.172671420158257,-0.726788309702264,0.356601745088837,0.594806643768672
"366",8.7606869187589,1.62023939500174,1.92335483007762,0.295947967432299,2.18587213753133,1.11341388347001
"367",6.49652012285089,0.321773460232996,2.03679653705438,0.988491133071827,1.27631810033685,0.92391368226602
"368",1.55024033335745,2.02779020193292,0.129710585325534,1.57902829043115,0.304714781427722,-0.548851675979796
"369",6.42222282322178,1.29349348039493,1.3357588713615,2.90633057625582,1.06017531535915,0.921933777030006
"370",1.68447583459896,-0.64047849300171,-1.35396723090373,1.69252957786813,1.25896786557072,-1.40906699464459
"371",4.71174291866335,2.56041633776969,-0.850074743087065,0.670946960577529,-0.0304511965222047,1.98624982966645
"372",2.85577041521676,0.00687789254413074,0.0578446841801438,1.50090474623372,0.903398793720235,1.15091685329181
"373",3.54955116281382,-0.334551080172055,-0.187129511668432,0.505349423869559,-0.818823437651214,1.81761220552292
"374",7.06599838179455,0.740699225207456,0.0869108176275986,1.12250880153932,1.22100654636521,1.11918199148173
"375",7.81853166068023,0.363167443186272,1.71213784384464,0.906739669681669,1.28697461610124,-0.0324540616947595
"376",1.34759114815921,-0.907733894936008,-0.118207254754583,2.16499450053861,0.903151817627722,0.31918342640997
"377",1.53096910440655,-0.200509343359397,1.71125970706703,2.31446175759774,2.78593093180025,0.178440410266575
"378",1.59304683059385,0.492759466270561,0.272379066472329,1.03758994276174,1.27730028824384,1.67862067901162
"379",6.49451902687513,0.923840589869352,1.09611672213313,-0.356965571163714,0.582491313270202,0.745058357590334
"380",2.67289909516548,2.36115859317302,1.14701927347042,1.9504714583976,1.64066250256151,0.230139479936167
"381",8.46092975245363,-0.784558783618649,1.66985421359545,1.51219273831942,1.3992264940833,1.3803119446785
"382",3.947566901873,-0.0943727213542322,1.50247751073544,-0.673383144262515,1.36023207744939,0.0493049663192521
"383",-1.70003735938517,1.09889047227098,1.97464770740415,0.614348031617388,0.858674008993055,-0.545309454692103
"384",5.99218281617318,0.222442413995309,1.31339232483797,0.673165593120383,0.750160847634007,3.34427082166102
"385",5.74447734606865,0.470870173409391,-0.68832684562509,1.61169509475994,2.18163285943476,2.69466778330341
"386",-0.931376715154816,1.26597429730846,0.940909763373071,1.08955860977521,-0.60736607001905,1.37966394173522
"387",3.50758088173371,0.625702042404736,0.0269613216132916,0.492055718941565,2.0190382618712,4.25951115835229
"388",6.41271250492106,2.08176784940907,-0.316147878144686,-0.854562834362703,0.989220616875543,2.03163067007368
"389",-2.6375325401903,2.01000805029571,1.77298184875839,0.093613811284167,1.08689307542043,1.80614349028661
"390",2.54292276706804,0.701893944985222,0.266075395920868,0.2530114472741,-1.71883757381785,-0.154967490608899
"391",8.38306741496402,2.79844180445899,0.68182968745151,2.82820951620418,1.79991377426833,0.712722352397265
"392",9.90479532418436,2.12212302908783,-0.973631421810502,0.707418628981788,3.03592222394992,0.421505945148969
"393",3.30434024891179,0.911158097472018,3.09457669504654,0.692549758624208,0.092356288340341,2.86105852244546
"394",5.08733113095313,-0.306099454786042,1.11170839259361,1.59414013422979,1.0415183976511,0.823853824400123
"395",-2.34164171527626,1.24987813120769,0.481697705608474,0.41942194451365,0.568037646674519,-0.679562906388678
"396",4.23030750232337,2.18939256253611,1.69566935706188,1.43941958347218,1.46207926882269,0.926450165332758
"397",5.48565146102374,0.658910836367594,1.48422663939328,0.879534460865719,0.627041583897201,0.893995313641894
"398",3.63209679684733,0.63472352369778,0.961217621397161,1.01349829893663,0.722243167465423,2.9606130292331
"399",4.64469749371569,0.972886034424959,1.08174368398641,1.05912825401985,1.48693306182855,1.53673716923472
"400",4.30845930760402,0.861933819695289,0.753008369068583,1.20921187875628,0.556792408302289,-0.520548369755648
"401",3.4483890171567,1.29470554065748,0.635041004576721,1.00443800650102,2.9556260522093,1.23331915918016
"402",6.32900658206737,-0.352511045720115,2.4082270271717,0.623500446213118,1.16829410532516,-0.228861244681445
"403",-5.63055472178595,1.61784765075214,1.06442928030324,-1.78211646841937,2.15063494995407,0.117398523918189
"404",-4.05465290948993,-0.743999909498467,0.37857563862282,-0.637743162379782,2.09895311424283,0.402893300699639
"405",4.9071921606924,-0.312238315612407,-0.220622929193439,2.23200805133457,1.45789609674774,2.27766296592436
"406",4.80368847250948,1.58583526263158,-0.301739002251998,2.68991318973872,-0.954113381631583,1.85421599977245
"407",8.83082330095795,0.389571242021292,1.39203508952299,0.530531055049391,1.9025500237997,2.64898896397488
"408",-1.23550121847028,1.741380221888,1.78668779312756,0.127243330397768,1.32843899369232,0.678519759241542
"409",0.244302255729477,-1.33274129723649,1.39762850628718,-0.135146441241543,1.39517542237188,0.423604315748152
"410",5.34686651241044,1.41125794010102,-0.0054583169842648,1.36141935128432,2.1010357037798,1.04765387032753
"411",-0.635610054406916,-0.0488831823449059,0.233386972262169,1.22952837671824,-0.440336196837062,0.0161566388117825
"412",4.24431309815977,1.7682078546817,1.11948736666386,0.870705682223961,1.99943177719582,1.09637588892228
"413",-5.12465495902163,1.13910759169361,0.0538119971613364,0.992908396883657,1.00677818963486,-0.543692605774797
"414",5.18232969166405,1.00618904648737,-0.0227477982849904,1.53459978788302,1.62553125964477,2.26105336760249
"415",6.61432235845029,1.41193261536787,-0.503120223939206,0.118047511091994,0.185084959990039,1.44392402518295
"416",-4.10798807692775,1.5800096831983,-0.13708027422973,0.0773750266083759,0.709129607049095,0.211877027354111
"417",2.47206972522723,0.960940281339603,0.735926657903943,1.55144977762794,-0.287126416499331,1.68595583034173
"418",7.95011497857199,0.507353960077128,2.31097932971955,0.750385027306469,1.52685747437122,1.11309614027098
"419",0.564265180136563,-0.456113907154141,0.852337773990423,0.264335906468604,-0.304669549883584,1.32819354523445
"420",6.7691389442781,1.41553106632358,3.65507365585736,3.17707984000739,2.3505613792429,-0.641426189463657
"421",-0.398879119322707,2.31845232863986,2.57300256608966,0.0172748507267753,2.10533145345022,0.2937987528373
"422",-1.18821978907345,0.57918256493559,0.541368869928158,-0.665031584068257,-0.704531408955171,0.51994131419246
"423",2.0007621141833,0.295598107435768,0.71345229896265,-0.0143042498928545,3.21006369651565,1.06874536577462
"424",3.87985935739863,0.610271639066317,0.0059487172142435,1.44231936018182,1.02957698445727,0.292785866491646
"425",3.68465550620245,-0.0707508156847754,0.858773522393599,0.600966886577919,3.32063719426555,1.30187446618911
"426",7.9963539950283,1.9212212870408,1.539993114011,0.676382726077722,0.09472758271995,0.307100642072253
"427",-3.94275381457524,0.260997473700187,0.652500504368207,-0.538730080018238,2.29813596348282,1.43269518968659
"428",2.72055189351606,-0.0389356249834862,0.712843094844921,1.50339955485052,1.63285834407597,1.55315668992283
"429",-4.15052015335911,-1.26167322787512,0.779692844613253,-0.977369932601196,0.439278612368517,1.76466613182673
"430",6.67196660558593,1.60133236157339,1.95631092522034,0.297279516321482,1.40447492913045,0.879990715323131
"431",6.03454232718177,1.06749060497305,-0.392012594470337,1.56393216941877,1.58650217391518,0.579270119524652
"432",4.0433004584075,2.16992356586911,-0.387367647281801,2.28674927932878,2.20241296882486,-1.14349208138794
"433",1.94143755258755,-1.30342910026632,1.69526606570516,1.92176041966571,0.647636895076907,-0.609723650138099
"434",2.44236724985899,-0.15817513652078,0.867974457265233,1.62356823772209,1.04143671812736,-0.181534508906272
"435",4.38430450160599,1.1549172127125,2.33115259090658,2.12999693202204,1.31075267089609,0.511284687296458
"436",6.99295917617315,0.0280161252556999,0.0858113077779338,3.64810453982299,0.290469806230648,1.3152172611963
"437",-19.1015004455048,-0.323828789102527,1.51662403295608,-2.35909435874326,0.625334890290785,1.35493571716336
"438",9.78971658796171,1.5658626090286,-0.536722906102866,0.70999338795469,0.245304683031499,0.833225843857917
"439",4.91011647770525,0.824720568405858,0.263151485009939,0.0336778782833868,-0.206295676850538,2.1983956484636
"440",6.75652217459913,0.784802721330109,0.741614158100601,1.20815126580824,1.06711100911068,2.36111017499121
"441",2.51076187941861,-0.125153759001762,1.99582437971268,1.43447881967826,0.979405180675814,1.2262422705969
"442",8.07934026768894,1.04124635400529,2.10242348114598,1.76006189451856,0.136274958367792,2.26598259041367
"443",10.8265392235979,1.6118929465993,1.56907512266116,1.57571290716042,1.98061185782275,1.2099049372158
"444",8.4252979623676,0.359015375946506,0.921630894116604,1.48387516504584,1.39036170332687,1.46475458778157
"445",1.62994629758762,0.0762478512644301,1.34761101050151,0.174202255372431,-0.299478012603757,1.34293445230636
"446",-0.840480509321146,0.744012719347546,-0.382297355027895,1.45495470582736,-1.21220446242799,-0.401296080703819
"447",7.16648818622266,1.01144614344959,2.17409317351916,2.20357619564194,1.53344298798321,0.943590863226109
"448",-0.468051143854543,0.707884624990836,1.33916700719983,0.0730520200788145,1.99585147110853,1.98967522174202
"449",-2.60214428511522,-0.51256368366087,0.620471959489803,0.420282376376132,2.00589579484975,0.494999521809049
"450",-3.9020150700947,0.694603187664336,2.21228527830593,0.0280811133767107,-0.316056683334562,-0.827083696647814
"451",6.99202665143636,1.84718690513855,1.47737114575888,1.4590858042262,1.12504032581952,0.877476057122774
"452",3.23996493252394,0.316153805523574,1.04006665988587,0.945508862172168,1.51574904989566,-0.567882797137672
"453",-1.08521906655881,2.45206525628696,0.632602473364587,0.655078750989444,2.64534487294445,0.0722576630236925
"454",5.63633906499304,0.896332617184814,0.160352635145478,1.52981681411371,1.8168274991186,1.48744092865841
"455",2.31935687815658,1.35189248577078,1.60499518811046,0.90264834298987,3.21254252043831,-0.0605129119710703
"456",4.65962063761938,-0.328747987480705,1.81398520378689,0.508400300295342,1.58240844460404,1.48572742286836
"457",3.47361947582536,-1.10128415462487,0.879969799106693,-0.722892854948453,1.80959283448151,1.24637390761631
"458",4.76606898515669,1.75948505136325,-0.826752856486901,0.944637337188067,0.831734383179696,2.10461943027664
"459",11.4684286968792,1.83302851932381,0.311816570637641,1.86921868528051,1.69265072817263,1.18589231453626
"460",2.63518540823809,1.88394191304166,0.0438766053074598,0.0291792067386472,0.478664041971235,3.66013009602854
"461",0.337698879639264,-0.0459467261071542,0.230476600166715,1.13305674010247,-0.912936937910811,-0.405680948191758
"462",5.21090595551376,0.592143490838229,-0.863704585738376,1.0087064050726,0.536240881844844,1.12263597507036
"463",-3.35211181022855,1.13321481280543,1.79384407346152,0.315672574974183,1.51101358084767,1.30281708965496
"464",11.4467622642818,1.64070608482892,0.512907539404496,1.12656877545879,0.38746207963165,1.97070540271193
"465",-0.477867135036814,-0.101596101724282,1.38254144168805,0.35923558906247,0.682215777641683,-1.44521051953151
"466",8.42753790770727,1.22047671918796,-0.267255509576564,0.733969224177147,-0.927908798738441,2.25192827780088
"467",7.87989017521326,-0.0940429340386861,0.469555689284839,2.38396377646067,0.493448041738985,0.537215657894315
"468",-4.65955022198046,1.00382545593602,1.98388162010632,0.697925066134992,1.36691161738658,0.466947597865152
"469",8.54817968785241,1.06320602995878,1.23734823271654,1.10232898795941,0.980224925185656,2.15274780472776
"470",-0.909877638025085,2.02341444112472,-0.457444191030502,-0.308930562810138,0.775247782876436,0.52460975179342
"471",0.598599073246257,-0.24192441610528,0.6905446138111,-1.20566870254538,1.85449843582641,0.0753620410412593
"472",7.58894452278917,2.47272640479389,-0.111514217528178,0.0415641202409356,1.27900983367281,0.856384317020698
"473",6.359829665618,2.18564115442701,0.455056908720367,-0.599479274985732,0.608957009351504,1.66114939060455
"474",-1.03171182770773,1.54540122100214,1.14720303762041,0.86745959493599,0.0660241705025983,-1.37849013417738
"475",12.0419856956575,2.26540314784607,2.10922864270135,3.52058974728464,1.44804803978969,2.02161820980345
"476",2.64973536125114,0.716067480541748,1.60689897472467,1.21829376222246,1.30797176906941,1.7445747404817
"477",4.09537725971913,2.65143946943989,0.59256689148658,0.0646182029703364,1.89732921467271,0.234651113072803
"478",-4.31392200608637,0.599793492760177,1.40877161805929,0.758612972302431,-1.39913878093693,0.898227652659223
"479",3.79729477965623,1.11743489887353,0.391726969544727,-0.430661642754552,0.888445693848888,0.16004796385065
"480",5.74932959933616,1.50209893129531,0.978696424806136,0.253712660029661,1.61596536196779,1.72936667938015
"481",3.13745513732271,1.2467406757683,3.5337230111685,-0.339901525295293,2.35571862409539,1.14749262833242
"482",0.596815153236174,1.22978232448324,0.63226067999951,0.160220202694008,2.13143560410053,2.04786761993967
"483",-2.19017137340343,0.125271695998369,0.392814455761671,-1.38885881467636,1.52509653877838,1.84845707393893
"484",5.03244767600074,2.31185920968454,-1.08880399993716,0.867169067813235,2.19230772755661,0.289569775652197
"485",1.64451805646122,2.12875216455729,0.913756911863663,1.22963712544361,2.47207017005412,2.00096672660526
"486",9.05041451241128,0.980580241908707,3.06547825962615,1.97953210323182,1.52529554498663,-0.103728972136922
"487",7.46482988651237,1.95503524508402,1.78502982047385,-0.308857863043187,0.696533033404254,0.872491794924563
"488",5.24900278569305,0.970293278250455,-0.295921430779421,-0.00820371578802725,0.401163483891682,1.85642183723516
"489",11.7491484919577,1.92222827685793,1.29394669756535,1.13930211758138,2.30562958791545,1.1484121611316
"490",0.543298945727488,0.660524626851709,0.780077992981858,0.812350920633315,-0.373916079025704,0.387612605737292
"491",-3.57287126133676,0.430249408279591,1.67656076962911,0.585239128519303,-0.948427889557715,0.0710446813107419
"492",6.46940232783816,0.641289211964714,3.33715703855162,1.57553478852526,0.0596582757158711,-0.639674494220769
"493",1.42490204915466,1.60067995156529,0.749492428913799,0.859374424196753,1.30267020263355,1.62028023475655
"494",7.39899956683204,-0.211242519728895,0.472499058237382,3.14116294958335,1.55444285755151,1.94430511953012
"495",4.88694170300792,0.0812761181020074,2.62246705839851,0.94544192424015,1.34056658386502,3.20903654008582
"496",9.34414163714091,1.87886806125199,0.915593270045915,0.222382752823454,0.53062446549346,3.01381455425462
"497",6.34983199627743,-0.690456393139084,0.181679569437911,1.93423790199094,0.707539067786093,1.29042355184786
"498",-1.52418789432549,0.879399405286228,1.19818367197078,-0.0582363078120103,1.86250504422788,1.34989711558746
"499",-0.640577507502863,0.157102171239721,2.75041063092968,1.02409402314108,0.827340495884126,-2.02874591759988
"500",11.4714087582295,0.461860026913234,3.18002787217012,0.451128038867192,2.02704329204793,0.700104539274706
